# JPLUS_gSDSS
# vendored from SVO FPS 'OAJ/JPLUS.gSDSS', 2026-07-04
# columns: wavelength_Angstrom throughput
3.861000e+03 3.000000e-04
3.862000e+03 3.000000e-04
3.863000e+03 3.000000e-04
3.864000e+03 3.000000e-04
3.865000e+03 3.000000e-04
3.866000e+03 3.000000e-04
3.867000e+03 3.000000e-04
3.868000e+03 7.000000e-04
3.869000e+03 7.000000e-04
3.870000e+03 7.000000e-04
3.871000e+03 7.000000e-04
3.872000e+03 7.000000e-04
3.873000e+03 7.000000e-04
3.874000e+03 1.100000e-03
3.875000e+03 1.100000e-03
3.876000e+03 1.400000e-03
3.877000e+03 1.400000e-03
3.878000e+03 1.400000e-03
3.879000e+03 1.800000e-03
3.880000e+03 2.100000e-03
3.881000e+03 2.100000e-03
3.882000e+03 2.500000e-03
3.883000e+03 2.900000e-03
3.884000e+03 3.200000e-03
3.885000e+03 3.600000e-03
3.886000e+03 3.900000e-03
3.887000e+03 4.300000e-03
3.888000e+03 4.700000e-03
3.889000e+03 5.000000e-03
3.890000e+03 5.400000e-03
3.891000e+03 6.100000e-03
3.892000e+03 6.500000e-03
3.893000e+03 7.200000e-03
3.894000e+03 7.900000e-03
3.895000e+03 8.700000e-03
3.896000e+03 9.400000e-03
3.897000e+03 1.020000e-02
3.898000e+03 1.090000e-02
3.899000e+03 1.200000e-02
3.900000e+03 1.310000e-02
3.901000e+03 1.380000e-02
3.902000e+03 1.490000e-02
3.903000e+03 1.640000e-02
3.904000e+03 1.750000e-02
3.905000e+03 1.900000e-02
3.906000e+03 2.010000e-02
3.907000e+03 2.160000e-02
3.908000e+03 2.310000e-02
3.909000e+03 2.490000e-02
3.910000e+03 2.640000e-02
3.911000e+03 2.830000e-02
3.912000e+03 2.980000e-02
3.913000e+03 3.200000e-02
3.914000e+03 3.420000e-02
3.915000e+03 3.570000e-02
3.916000e+03 3.760000e-02
3.917000e+03 4.020000e-02
3.918000e+03 4.280000e-02
3.919000e+03 4.510000e-02
3.920000e+03 4.730000e-02
3.921000e+03 5.000000e-02
3.922000e+03 5.260000e-02
3.923000e+03 5.560000e-02
3.924000e+03 5.860000e-02
3.925000e+03 6.090000e-02
3.926000e+03 6.320000e-02
3.927000e+03 6.620000e-02
3.928000e+03 6.920000e-02
3.929000e+03 7.220000e-02
3.930000e+03 7.560000e-02
3.931000e+03 7.910000e-02
3.932000e+03 8.250000e-02
3.933000e+03 8.590000e-02
3.934000e+03 8.930000e-02
3.935000e+03 9.240000e-02
3.936000e+03 9.550000e-02
3.937000e+03 9.890000e-02
3.938000e+03 1.024000e-01
3.939000e+03 1.055000e-01
3.940000e+03 1.089000e-01
3.941000e+03 1.124000e-01
3.942000e+03 1.155000e-01
3.943000e+03 1.194000e-01
3.944000e+03 1.229000e-01
3.945000e+03 1.260000e-01
3.946000e+03 1.287000e-01
3.947000e+03 1.319000e-01
3.948000e+03 1.350000e-01
3.949000e+03 1.381000e-01
3.950000e+03 1.413000e-01
3.951000e+03 1.437000e-01
3.952000e+03 1.461000e-01
3.953000e+03 1.492000e-01
3.954000e+03 1.524000e-01
3.955000e+03 1.555000e-01
3.956000e+03 1.583000e-01
3.957000e+03 1.607000e-01
3.958000e+03 1.635000e-01
3.959000e+03 1.663000e-01
3.960000e+03 1.688000e-01
3.961000e+03 1.712000e-01
3.962000e+03 1.733000e-01
3.963000e+03 1.765000e-01
3.964000e+03 1.798000e-01
3.965000e+03 1.814000e-01
3.966000e+03 1.831000e-01
3.967000e+03 1.856000e-01
3.968000e+03 1.877000e-01
3.969000e+03 1.902000e-01
3.970000e+03 1.923000e-01
3.971000e+03 1.940000e-01
3.972000e+03 1.957000e-01
3.973000e+03 1.978000e-01
3.974000e+03 1.996000e-01
3.975000e+03 2.017000e-01
3.976000e+03 2.042000e-01
3.977000e+03 2.051000e-01
3.978000e+03 2.065000e-01
3.979000e+03 2.078000e-01
3.980000e+03 2.092000e-01
3.981000e+03 2.113000e-01
3.982000e+03 2.134000e-01
3.983000e+03 2.148000e-01
3.984000e+03 2.157000e-01
3.985000e+03 2.171000e-01
3.986000e+03 2.185000e-01
3.987000e+03 2.202000e-01
3.988000e+03 2.224000e-01
3.989000e+03 2.241000e-01
3.990000e+03 2.263000e-01
3.991000e+03 2.276000e-01
3.992000e+03 2.294000e-01
3.993000e+03 2.304000e-01
3.994000e+03 2.318000e-01
3.995000e+03 2.335000e-01
3.996000e+03 2.353000e-01
3.997000e+03 2.367000e-01
3.998000e+03 2.385000e-01
3.999000e+03 2.395000e-01
4.000000e+03 2.404000e-01
4.001000e+03 2.414000e-01
4.002000e+03 2.424000e-01
4.003000e+03 2.446000e-01
4.004000e+03 2.463000e-01
4.005000e+03 2.477000e-01
4.006000e+03 2.487000e-01
4.007000e+03 2.504000e-01
4.008000e+03 2.522000e-01
4.009000e+03 2.536000e-01
4.010000e+03 2.553000e-01
4.011000e+03 2.567000e-01
4.012000e+03 2.581000e-01
4.013000e+03 2.591000e-01
4.014000e+03 2.600000e-01
4.015000e+03 2.614000e-01
4.016000e+03 2.632000e-01
4.017000e+03 2.650000e-01
4.018000e+03 2.672000e-01
4.019000e+03 2.681000e-01
4.020000e+03 2.691000e-01
4.021000e+03 2.693000e-01
4.022000e+03 2.699000e-01
4.023000e+03 2.717000e-01
4.024000e+03 2.735000e-01
4.025000e+03 2.749000e-01
4.026000e+03 2.759000e-01
4.027000e+03 2.769000e-01
4.028000e+03 2.779000e-01
4.029000e+03 2.793000e-01
4.030000e+03 2.803000e-01
4.031000e+03 2.813000e-01
4.032000e+03 2.819000e-01
4.033000e+03 2.821000e-01
4.034000e+03 2.823000e-01
4.035000e+03 2.837000e-01
4.036000e+03 2.851000e-01
4.037000e+03 2.865000e-01
4.038000e+03 2.880000e-01
4.039000e+03 2.873000e-01
4.040000e+03 2.871000e-01
4.041000e+03 2.890000e-01
4.042000e+03 2.912000e-01
4.043000e+03 2.914000e-01
4.044000e+03 2.920000e-01
4.045000e+03 2.922000e-01
4.046000e+03 2.928000e-01
4.047000e+03 2.938000e-01
4.048000e+03 2.949000e-01
4.049000e+03 2.947000e-01
4.050000e+03 2.944000e-01
4.051000e+03 2.942000e-01
4.052000e+03 2.944000e-01
4.053000e+03 2.950000e-01
4.054000e+03 2.952000e-01
4.055000e+03 2.958000e-01
4.056000e+03 2.969000e-01
4.057000e+03 2.970000e-01
4.058000e+03 2.972000e-01
4.059000e+03 2.982000e-01
4.060000e+03 2.989000e-01
4.061000e+03 2.990000e-01
4.062000e+03 2.988000e-01
4.063000e+03 2.986000e-01
4.064000e+03 2.988000e-01
4.065000e+03 2.994000e-01
4.066000e+03 3.000000e-01
4.067000e+03 3.010000e-01
4.068000e+03 3.020000e-01
4.069000e+03 3.018000e-01
4.070000e+03 3.016000e-01
4.071000e+03 3.014000e-01
4.072000e+03 3.012000e-01
4.073000e+03 3.005000e-01
4.074000e+03 3.003000e-01
4.075000e+03 3.017000e-01
4.076000e+03 3.027000e-01
4.077000e+03 3.034000e-01
4.078000e+03 3.035000e-01
4.079000e+03 3.038000e-01
4.080000e+03 3.044000e-01
4.081000e+03 3.051000e-01
4.082000e+03 3.061000e-01
4.083000e+03 3.063000e-01
4.084000e+03 3.061000e-01
4.085000e+03 3.072000e-01
4.086000e+03 3.078000e-01
4.087000e+03 3.081000e-01
4.088000e+03 3.079000e-01
4.089000e+03 3.085000e-01
4.090000e+03 3.092000e-01
4.091000e+03 3.098000e-01
4.092000e+03 3.105000e-01
4.093000e+03 3.115000e-01
4.094000e+03 3.122000e-01
4.095000e+03 3.133000e-01
4.096000e+03 3.143000e-01
4.097000e+03 3.150000e-01
4.098000e+03 3.152000e-01
4.099000e+03 3.150000e-01
4.100000e+03 3.148000e-01
4.101000e+03 3.163000e-01
4.102000e+03 3.177000e-01
4.103000e+03 3.183000e-01
4.104000e+03 3.189000e-01
4.105000e+03 3.200000e-01
4.106000e+03 3.210000e-01
4.107000e+03 3.207000e-01
4.108000e+03 3.205000e-01
4.109000e+03 3.211000e-01
4.110000e+03 3.213000e-01
4.111000e+03 3.227000e-01
4.112000e+03 3.242000e-01
4.113000e+03 3.252000e-01
4.114000e+03 3.263000e-01
4.115000e+03 3.265000e-01
4.116000e+03 3.267000e-01
4.117000e+03 3.277000e-01
4.118000e+03 3.283000e-01
4.119000e+03 3.285000e-01
4.120000e+03 3.287000e-01
4.121000e+03 3.293000e-01
4.122000e+03 3.300000e-01
4.123000e+03 3.306000e-01
4.124000e+03 3.308000e-01
4.125000e+03 3.318000e-01
4.126000e+03 3.325000e-01
4.127000e+03 3.331000e-01
4.128000e+03 3.337000e-01
4.129000e+03 3.344000e-01
4.130000e+03 3.346000e-01
4.131000e+03 3.352000e-01
4.132000e+03 3.358000e-01
4.133000e+03 3.360000e-01
4.134000e+03 3.362000e-01
4.135000e+03 3.364000e-01
4.136000e+03 3.371000e-01
4.137000e+03 3.381000e-01
4.138000e+03 3.392000e-01
4.139000e+03 3.390000e-01
4.140000e+03 3.387000e-01
4.141000e+03 3.389000e-01
4.142000e+03 3.396000e-01
4.143000e+03 3.398000e-01
4.144000e+03 3.395000e-01
4.145000e+03 3.397000e-01
4.146000e+03 3.399000e-01
4.147000e+03 3.410000e-01
4.148000e+03 3.421000e-01
4.149000e+03 3.418000e-01
4.150000e+03 3.421000e-01
4.151000e+03 3.423000e-01
4.152000e+03 3.425000e-01
4.153000e+03 3.418000e-01
4.154000e+03 3.415000e-01
4.155000e+03 3.413000e-01
4.156000e+03 3.415000e-01
4.157000e+03 3.430000e-01
4.158000e+03 3.445000e-01
4.159000e+03 3.438000e-01
4.160000e+03 3.432000e-01
4.161000e+03 3.429000e-01
4.162000e+03 3.427000e-01
4.163000e+03 3.433000e-01
4.164000e+03 3.440000e-01
4.165000e+03 3.450000e-01
4.166000e+03 3.466000e-01
4.167000e+03 3.454000e-01
4.168000e+03 3.439000e-01
4.169000e+03 3.450000e-01
4.170000e+03 3.460000e-01
4.171000e+03 3.471000e-01
4.172000e+03 3.482000e-01
4.173000e+03 3.480000e-01
4.174000e+03 3.473000e-01
4.175000e+03 3.475000e-01
4.176000e+03 3.472000e-01
4.177000e+03 3.461000e-01
4.178000e+03 3.450000e-01
4.179000e+03 3.470000e-01
4.180000e+03 3.485000e-01
4.181000e+03 3.496000e-01
4.182000e+03 3.507000e-01
4.183000e+03 3.509000e-01
4.184000e+03 3.511000e-01
4.185000e+03 3.499000e-01
4.186000e+03 3.492000e-01
4.187000e+03 3.499000e-01
4.188000e+03 3.509000e-01
4.189000e+03 3.494000e-01
4.190000e+03 3.482000e-01
4.191000e+03 3.493000e-01
4.192000e+03 3.504000e-01
4.193000e+03 3.506000e-01
4.194000e+03 3.508000e-01
4.195000e+03 3.505000e-01
4.196000e+03 3.498000e-01
4.197000e+03 3.514000e-01
4.198000e+03 3.529000e-01
4.199000e+03 3.531000e-01
4.200000e+03 3.529000e-01
4.201000e+03 3.526000e-01
4.202000e+03 3.527000e-01
4.203000e+03 3.534000e-01
4.204000e+03 3.544000e-01
4.205000e+03 3.546000e-01
4.206000e+03 3.552000e-01
4.207000e+03 3.558000e-01
4.208000e+03 3.565000e-01
4.209000e+03 3.566000e-01
4.210000e+03 3.568000e-01
4.211000e+03 3.570000e-01
4.212000e+03 3.571000e-01
4.213000e+03 3.573000e-01
4.214000e+03 3.570000e-01
4.215000e+03 3.581000e-01
4.216000e+03 3.592000e-01
4.217000e+03 3.598000e-01
4.218000e+03 3.600000e-01
4.219000e+03 3.588000e-01
4.220000e+03 3.576000e-01
4.221000e+03 3.591000e-01
4.222000e+03 3.602000e-01
4.223000e+03 3.608000e-01
4.224000e+03 3.615000e-01
4.225000e+03 3.621000e-01
4.226000e+03 3.623000e-01
4.227000e+03 3.624000e-01
4.228000e+03 3.621000e-01
4.229000e+03 3.632000e-01
4.230000e+03 3.643000e-01
4.231000e+03 3.636000e-01
4.232000e+03 3.628000e-01
4.233000e+03 3.630000e-01
4.234000e+03 3.636000e-01
4.235000e+03 3.638000e-01
4.236000e+03 3.644000e-01
4.237000e+03 3.655000e-01
4.238000e+03 3.666000e-01
4.239000e+03 3.663000e-01
4.240000e+03 3.660000e-01
4.241000e+03 3.666000e-01
4.242000e+03 3.668000e-01
4.243000e+03 3.669000e-01
4.244000e+03 3.676000e-01
4.245000e+03 3.682000e-01
4.246000e+03 3.688000e-01
4.247000e+03 3.685000e-01
4.248000e+03 3.682000e-01
4.249000e+03 3.698000e-01
4.250000e+03 3.713000e-01
4.251000e+03 3.710000e-01
4.252000e+03 3.708000e-01
4.253000e+03 3.705000e-01
4.254000e+03 3.702000e-01
4.255000e+03 3.708000e-01
4.256000e+03 3.719000e-01
4.257000e+03 3.721000e-01
4.258000e+03 3.723000e-01
4.259000e+03 3.715000e-01
4.260000e+03 3.703000e-01
4.261000e+03 3.709000e-01
4.262000e+03 3.716000e-01
4.263000e+03 3.727000e-01
4.264000e+03 3.742000e-01
4.265000e+03 3.740000e-01
4.266000e+03 3.741000e-01
4.267000e+03 3.729000e-01
4.268000e+03 3.722000e-01
4.269000e+03 3.728000e-01
4.270000e+03 3.734000e-01
4.271000e+03 3.741000e-01
4.272000e+03 3.752000e-01
4.273000e+03 3.754000e-01
4.274000e+03 3.751000e-01
4.275000e+03 3.757000e-01
4.276000e+03 3.759000e-01
4.277000e+03 3.756000e-01
4.278000e+03 3.753000e-01
4.279000e+03 3.760000e-01
4.280000e+03 3.766000e-01
4.281000e+03 3.763000e-01
4.282000e+03 3.760000e-01
4.283000e+03 3.762000e-01
4.284000e+03 3.764000e-01
4.285000e+03 3.780000e-01
4.286000e+03 3.796000e-01
4.287000e+03 3.793000e-01
4.288000e+03 3.795000e-01
4.289000e+03 3.787000e-01
4.290000e+03 3.784000e-01
4.291000e+03 3.791000e-01
4.292000e+03 3.797000e-01
4.293000e+03 3.790000e-01
4.294000e+03 3.787000e-01
4.295000e+03 3.788000e-01
4.296000e+03 3.795000e-01
4.297000e+03 3.797000e-01
4.298000e+03 3.803000e-01
4.299000e+03 3.814000e-01
4.300000e+03 3.830000e-01
4.301000e+03 3.832000e-01
4.302000e+03 3.834000e-01
4.303000e+03 3.836000e-01
4.304000e+03 3.842000e-01
4.305000e+03 3.839000e-01
4.306000e+03 3.836000e-01
4.307000e+03 3.833000e-01
4.308000e+03 3.830000e-01
4.309000e+03 3.836000e-01
4.310000e+03 3.847000e-01
4.311000e+03 3.858000e-01
4.312000e+03 3.865000e-01
4.313000e+03 3.857000e-01
4.314000e+03 3.845000e-01
4.315000e+03 3.846000e-01
4.316000e+03 3.853000e-01
4.317000e+03 3.864000e-01
4.318000e+03 3.875000e-01
4.319000e+03 3.877000e-01
4.320000e+03 3.874000e-01
4.321000e+03 3.880000e-01
4.322000e+03 3.891000e-01
4.323000e+03 3.884000e-01
4.324000e+03 3.876000e-01
4.325000e+03 3.873000e-01
4.326000e+03 3.870000e-01
4.327000e+03 3.890000e-01
4.328000e+03 3.911000e-01
4.329000e+03 3.903000e-01
4.330000e+03 3.896000e-01
4.331000e+03 3.902000e-01
4.332000e+03 3.909000e-01
4.333000e+03 3.906000e-01
4.334000e+03 3.903000e-01
4.335000e+03 3.905000e-01
4.336000e+03 3.911000e-01
4.337000e+03 3.918000e-01
4.338000e+03 3.924000e-01
4.339000e+03 3.917000e-01
4.340000e+03 3.909000e-01
4.341000e+03 3.925000e-01
4.342000e+03 3.941000e-01
4.343000e+03 3.938000e-01
4.344000e+03 3.940000e-01
4.345000e+03 3.942000e-01
4.346000e+03 3.939000e-01
4.347000e+03 3.941000e-01
4.348000e+03 3.938000e-01
4.349000e+03 3.940000e-01
4.350000e+03 3.937000e-01
4.351000e+03 3.939000e-01
4.352000e+03 3.936000e-01
4.353000e+03 3.938000e-01
4.354000e+03 3.940000e-01
4.355000e+03 3.951000e-01
4.356000e+03 3.963000e-01
4.357000e+03 3.960000e-01
4.358000e+03 3.961000e-01
4.359000e+03 3.968000e-01
4.360000e+03 3.975000e-01
4.361000e+03 3.972000e-01
4.362000e+03 3.974000e-01
4.363000e+03 3.971000e-01
4.364000e+03 3.968000e-01
4.365000e+03 3.970000e-01
4.366000e+03 3.976000e-01
4.367000e+03 3.964000e-01
4.368000e+03 3.951000e-01
4.369000e+03 3.958000e-01
4.370000e+03 3.964000e-01
4.371000e+03 3.971000e-01
4.372000e+03 3.973000e-01
4.373000e+03 3.975000e-01
4.374000e+03 3.972000e-01
4.375000e+03 3.969000e-01
4.376000e+03 3.966000e-01
4.377000e+03 3.972000e-01
4.378000e+03 3.979000e-01
4.379000e+03 3.981000e-01
4.380000e+03 3.983000e-01
4.381000e+03 3.989000e-01
4.382000e+03 3.996000e-01
4.383000e+03 3.993000e-01
4.384000e+03 3.990000e-01
4.385000e+03 3.992000e-01
4.386000e+03 3.993000e-01
4.387000e+03 4.000000e-01
4.388000e+03 4.007000e-01
4.389000e+03 3.999000e-01
4.390000e+03 3.991000e-01
4.391000e+03 4.007000e-01
4.392000e+03 4.023000e-01
4.393000e+03 4.020000e-01
4.394000e+03 4.022000e-01
4.395000e+03 4.029000e-01
4.396000e+03 4.035000e-01
4.397000e+03 4.032000e-01
4.398000e+03 4.034000e-01
4.399000e+03 4.031000e-01
4.400000e+03 4.028000e-01
4.401000e+03 4.034000e-01
4.402000e+03 4.041000e-01
4.403000e+03 4.032000e-01
4.404000e+03 4.029000e-01
4.405000e+03 4.036000e-01
4.406000e+03 4.042000e-01
4.407000e+03 4.039000e-01
4.408000e+03 4.036000e-01
4.409000e+03 4.037000e-01
4.410000e+03 4.044000e-01
4.411000e+03 4.055000e-01
4.412000e+03 4.062000e-01
4.413000e+03 4.064000e-01
4.414000e+03 4.065000e-01
4.415000e+03 4.067000e-01
4.416000e+03 4.069000e-01
4.417000e+03 4.070000e-01
4.418000e+03 4.067000e-01
4.419000e+03 4.074000e-01
4.420000e+03 4.080000e-01
4.421000e+03 4.082000e-01
4.422000e+03 4.084000e-01
4.423000e+03 4.095000e-01
4.424000e+03 4.107000e-01
4.425000e+03 4.099000e-01
4.426000e+03 4.095000e-01
4.427000e+03 4.107000e-01
4.428000e+03 4.124000e-01
4.429000e+03 4.115000e-01
4.430000e+03 4.107000e-01
4.431000e+03 4.109000e-01
4.432000e+03 4.105000e-01
4.433000e+03 4.107000e-01
4.434000e+03 4.109000e-01
4.435000e+03 4.125000e-01
4.436000e+03 4.137000e-01
4.437000e+03 4.144000e-01
4.438000e+03 4.145000e-01
4.439000e+03 4.147000e-01
4.440000e+03 4.144000e-01
4.441000e+03 4.150000e-01
4.442000e+03 4.162000e-01
4.443000e+03 4.159000e-01
4.444000e+03 4.150000e-01
4.445000e+03 4.147000e-01
4.446000e+03 4.149000e-01
4.447000e+03 4.155000e-01
4.448000e+03 4.167000e-01
4.449000e+03 4.159000e-01
4.450000e+03 4.155000e-01
4.451000e+03 4.157000e-01
4.452000e+03 4.164000e-01
4.453000e+03 4.170000e-01
4.454000e+03 4.172000e-01
4.455000e+03 4.184000e-01
4.456000e+03 4.200000e-01
4.457000e+03 4.187000e-01
4.458000e+03 4.178000e-01
4.459000e+03 4.185000e-01
4.460000e+03 4.197000e-01
4.461000e+03 4.188000e-01
4.462000e+03 4.185000e-01
4.463000e+03 4.192000e-01
4.464000e+03 4.193000e-01
4.465000e+03 4.195000e-01
4.466000e+03 4.197000e-01
4.467000e+03 4.193000e-01
4.468000e+03 4.195000e-01
4.469000e+03 4.207000e-01
4.470000e+03 4.218000e-01
4.471000e+03 4.210000e-01
4.472000e+03 4.196000e-01
4.473000e+03 4.203000e-01
4.474000e+03 4.210000e-01
4.475000e+03 4.206000e-01
4.476000e+03 4.203000e-01
4.477000e+03 4.204000e-01
4.478000e+03 4.206000e-01
4.479000e+03 4.208000e-01
4.480000e+03 4.209000e-01
4.481000e+03 4.206000e-01
4.482000e+03 4.208000e-01
4.483000e+03 4.204000e-01
4.484000e+03 4.206000e-01
4.485000e+03 4.212000e-01
4.486000e+03 4.219000e-01
4.487000e+03 4.216000e-01
4.488000e+03 4.207000e-01
4.489000e+03 4.214000e-01
4.490000e+03 4.221000e-01
4.491000e+03 4.222000e-01
4.492000e+03 4.224000e-01
4.493000e+03 4.225000e-01
4.494000e+03 4.227000e-01
4.495000e+03 4.224000e-01
4.496000e+03 4.220000e-01
4.497000e+03 4.211000e-01
4.498000e+03 4.203000e-01
4.499000e+03 4.204000e-01
4.500000e+03 4.201000e-01
4.501000e+03 4.217000e-01
4.502000e+03 4.234000e-01
4.503000e+03 4.220000e-01
4.504000e+03 4.206000e-01
4.505000e+03 4.223000e-01
4.506000e+03 4.240000e-01
4.507000e+03 4.241000e-01
4.508000e+03 4.243000e-01
4.509000e+03 4.239000e-01
4.510000e+03 4.230000e-01
4.511000e+03 4.237000e-01
4.512000e+03 4.238000e-01
4.513000e+03 4.234000e-01
4.514000e+03 4.225000e-01
4.515000e+03 4.227000e-01
4.516000e+03 4.228000e-01
4.517000e+03 4.235000e-01
4.518000e+03 4.246000e-01
4.519000e+03 4.258000e-01
4.520000e+03 4.270000e-01
4.521000e+03 4.256000e-01
4.522000e+03 4.242000e-01
4.523000e+03 4.253000e-01
4.524000e+03 4.265000e-01
4.525000e+03 4.267000e-01
4.526000e+03 4.263000e-01
4.527000e+03 4.264000e-01
4.528000e+03 4.266000e-01
4.529000e+03 4.262000e-01
4.530000e+03 4.258000e-01
4.531000e+03 4.265000e-01
4.532000e+03 4.266000e-01
4.533000e+03 4.273000e-01
4.534000e+03 4.279000e-01
4.535000e+03 4.281000e-01
4.536000e+03 4.282000e-01
4.537000e+03 4.283000e-01
4.538000e+03 4.285000e-01
4.539000e+03 4.286000e-01
4.540000e+03 4.288000e-01
4.541000e+03 4.294000e-01
4.542000e+03 4.296000e-01
4.543000e+03 4.302000e-01
4.544000e+03 4.309000e-01
4.545000e+03 4.310000e-01
4.546000e+03 4.312000e-01
4.547000e+03 4.318000e-01
4.548000e+03 4.320000e-01
4.549000e+03 4.326000e-01
4.550000e+03 4.328000e-01
4.551000e+03 4.324000e-01
4.552000e+03 4.320000e-01
4.553000e+03 4.337000e-01
4.554000e+03 4.349000e-01
4.555000e+03 4.356000e-01
4.556000e+03 4.357000e-01
4.557000e+03 4.359000e-01
4.558000e+03 4.365000e-01
4.559000e+03 4.372000e-01
4.560000e+03 4.379000e-01
4.561000e+03 4.380000e-01
4.562000e+03 4.386000e-01
4.563000e+03 4.393000e-01
4.564000e+03 4.405000e-01
4.565000e+03 4.395000e-01
4.566000e+03 4.386000e-01
4.567000e+03 4.387000e-01
4.568000e+03 4.383000e-01
4.569000e+03 4.395000e-01
4.570000e+03 4.407000e-01
4.571000e+03 4.403000e-01
4.572000e+03 4.394000e-01
4.573000e+03 4.400000e-01
4.574000e+03 4.407000e-01
4.575000e+03 4.418000e-01
4.576000e+03 4.425000e-01
4.577000e+03 4.426000e-01
4.578000e+03 4.422000e-01
4.579000e+03 4.429000e-01
4.580000e+03 4.435000e-01
4.581000e+03 4.431000e-01
4.582000e+03 4.433000e-01
4.583000e+03 4.439000e-01
4.584000e+03 4.446000e-01
4.585000e+03 4.442000e-01
4.586000e+03 4.438000e-01
4.587000e+03 4.444000e-01
4.588000e+03 4.446000e-01
4.589000e+03 4.442000e-01
4.590000e+03 4.438000e-01
4.591000e+03 4.444000e-01
4.592000e+03 4.456000e-01
4.593000e+03 4.457000e-01
4.594000e+03 4.464000e-01
4.595000e+03 4.449000e-01
4.596000e+03 4.440000e-01
4.597000e+03 4.452000e-01
4.598000e+03 4.464000e-01
4.599000e+03 4.454000e-01
4.600000e+03 4.440000e-01
4.601000e+03 4.446000e-01
4.602000e+03 4.458000e-01
4.603000e+03 4.465000e-01
4.604000e+03 4.472000e-01
4.605000e+03 4.468000e-01
4.606000e+03 4.459000e-01
4.607000e+03 4.465000e-01
4.608000e+03 4.467000e-01
4.609000e+03 4.468000e-01
4.610000e+03 4.464000e-01
4.611000e+03 4.471000e-01
4.612000e+03 4.472000e-01
4.613000e+03 4.479000e-01
4.614000e+03 4.486000e-01
4.615000e+03 4.482000e-01
4.616000e+03 4.483000e-01
4.617000e+03 4.479000e-01
4.618000e+03 4.476000e-01
4.619000e+03 4.472000e-01
4.620000e+03 4.473000e-01
4.621000e+03 4.480000e-01
4.622000e+03 4.492000e-01
4.623000e+03 4.483000e-01
4.624000e+03 4.474000e-01
4.625000e+03 4.480000e-01
4.626000e+03 4.482000e-01
4.627000e+03 4.494000e-01
4.628000e+03 4.506000e-01
4.629000e+03 4.502000e-01
4.630000e+03 4.493000e-01
4.631000e+03 4.495000e-01
4.632000e+03 4.496000e-01
4.633000e+03 4.487000e-01
4.634000e+03 4.477000e-01
4.635000e+03 4.479000e-01
4.636000e+03 4.480000e-01
4.637000e+03 4.487000e-01
4.638000e+03 4.494000e-01
4.639000e+03 4.506000e-01
4.640000e+03 4.513000e-01
4.641000e+03 4.509000e-01
4.642000e+03 4.500000e-01
4.643000e+03 4.501000e-01
4.644000e+03 4.508000e-01
4.645000e+03 4.509000e-01
4.646000e+03 4.516000e-01
4.647000e+03 4.518000e-01
4.648000e+03 4.519000e-01
4.649000e+03 4.515000e-01
4.650000e+03 4.511000e-01
4.651000e+03 4.513000e-01
4.652000e+03 4.514000e-01
4.653000e+03 4.532000e-01
4.654000e+03 4.544000e-01
4.655000e+03 4.540000e-01
4.656000e+03 4.536000e-01
4.657000e+03 4.538000e-01
4.658000e+03 4.539000e-01
4.659000e+03 4.541000e-01
4.660000e+03 4.542000e-01
4.661000e+03 4.538000e-01
4.662000e+03 4.534000e-01
4.663000e+03 4.541000e-01
4.664000e+03 4.548000e-01
4.665000e+03 4.555000e-01
4.666000e+03 4.556000e-01
4.667000e+03 4.552000e-01
4.668000e+03 4.554000e-01
4.669000e+03 4.560000e-01
4.670000e+03 4.567000e-01
4.671000e+03 4.574000e-01
4.672000e+03 4.581000e-01
4.673000e+03 4.577000e-01
4.674000e+03 4.573000e-01
4.675000e+03 4.575000e-01
4.676000e+03 4.582000e-01
4.677000e+03 4.589000e-01
4.678000e+03 4.596000e-01
4.679000e+03 4.597000e-01
4.680000e+03 4.599000e-01
4.681000e+03 4.605000e-01
4.682000e+03 4.612000e-01
4.683000e+03 4.614000e-01
4.684000e+03 4.615000e-01
4.685000e+03 4.611000e-01
4.686000e+03 4.613000e-01
4.687000e+03 4.620000e-01
4.688000e+03 4.632000e-01
4.689000e+03 4.628000e-01
4.690000e+03 4.630000e-01
4.691000e+03 4.636000e-01
4.692000e+03 4.643000e-01
4.693000e+03 4.639000e-01
4.694000e+03 4.635000e-01
4.695000e+03 4.642000e-01
4.696000e+03 4.644000e-01
4.697000e+03 4.651000e-01
4.698000e+03 4.663000e-01
4.699000e+03 4.659000e-01
4.700000e+03 4.655000e-01
4.701000e+03 4.657000e-01
4.702000e+03 4.658000e-01
4.703000e+03 4.665000e-01
4.704000e+03 4.672000e-01
4.705000e+03 4.679000e-01
4.706000e+03 4.681000e-01
4.707000e+03 4.671000e-01
4.708000e+03 4.662000e-01
4.709000e+03 4.675000e-01
4.710000e+03 4.681000e-01
4.711000e+03 4.678000e-01
4.712000e+03 4.679000e-01
4.713000e+03 4.675000e-01
4.714000e+03 4.677000e-01
4.715000e+03 4.684000e-01
4.716000e+03 4.696000e-01
4.717000e+03 4.698000e-01
4.718000e+03 4.694000e-01
4.719000e+03 4.701000e-01
4.720000e+03 4.713000e-01
4.721000e+03 4.709000e-01
4.722000e+03 4.711000e-01
4.723000e+03 4.712000e-01
4.724000e+03 4.708000e-01
4.725000e+03 4.710000e-01
4.726000e+03 4.711000e-01
4.727000e+03 4.713000e-01
4.728000e+03 4.714000e-01
4.729000e+03 4.705000e-01
4.730000e+03 4.695000e-01
4.731000e+03 4.713000e-01
4.732000e+03 4.726000e-01
4.733000e+03 4.727000e-01
4.734000e+03 4.723000e-01
4.735000e+03 4.730000e-01
4.736000e+03 4.731000e-01
4.737000e+03 4.727000e-01
4.738000e+03 4.723000e-01
4.739000e+03 4.724000e-01
4.740000e+03 4.725000e-01
4.741000e+03 4.738000e-01
4.742000e+03 4.750000e-01
4.743000e+03 4.752000e-01
4.744000e+03 4.747000e-01
4.745000e+03 4.749000e-01
4.746000e+03 4.750000e-01
4.747000e+03 4.746000e-01
4.748000e+03 4.736000e-01
4.749000e+03 4.749000e-01
4.750000e+03 4.761000e-01
4.751000e+03 4.757000e-01
4.752000e+03 4.753000e-01
4.753000e+03 4.754000e-01
4.754000e+03 4.750000e-01
4.755000e+03 4.757000e-01
4.756000e+03 4.758000e-01
4.757000e+03 4.765000e-01
4.758000e+03 4.772000e-01
4.759000e+03 4.779000e-01
4.760000e+03 4.780000e-01
4.761000e+03 4.770000e-01
4.762000e+03 4.766000e-01
4.763000e+03 4.767000e-01
4.764000e+03 4.774000e-01
4.765000e+03 4.776000e-01
4.766000e+03 4.777000e-01
4.767000e+03 4.784000e-01
4.768000e+03 4.796000e-01
4.769000e+03 4.792000e-01
4.770000e+03 4.782000e-01
4.771000e+03 4.784000e-01
4.772000e+03 4.785000e-01
4.773000e+03 4.792000e-01
4.774000e+03 4.799000e-01
4.775000e+03 4.800000e-01
4.776000e+03 4.796000e-01
4.777000e+03 4.797000e-01
4.778000e+03 4.799000e-01
4.779000e+03 4.794000e-01
4.780000e+03 4.790000e-01
4.781000e+03 4.803000e-01
4.782000e+03 4.815000e-01
4.783000e+03 4.822000e-01
4.784000e+03 4.823000e-01
4.785000e+03 4.819000e-01
4.786000e+03 4.809000e-01
4.787000e+03 4.811000e-01
4.788000e+03 4.812000e-01
4.789000e+03 4.819000e-01
4.790000e+03 4.826000e-01
4.791000e+03 4.827000e-01
4.792000e+03 4.829000e-01
4.793000e+03 4.830000e-01
4.794000e+03 4.826000e-01
4.795000e+03 4.833000e-01
4.796000e+03 4.840000e-01
4.797000e+03 4.847000e-01
4.798000e+03 4.854000e-01
4.799000e+03 4.867000e-01
4.800000e+03 4.879000e-01
4.801000e+03 4.875000e-01
4.802000e+03 4.877000e-01
4.803000e+03 4.872000e-01
4.804000e+03 4.874000e-01
4.805000e+03 4.870000e-01
4.806000e+03 4.860000e-01
4.807000e+03 4.867000e-01
4.808000e+03 4.874000e-01
4.809000e+03 4.881000e-01
4.810000e+03 4.883000e-01
4.811000e+03 4.890000e-01
4.812000e+03 4.897000e-01
4.813000e+03 4.893000e-01
4.814000e+03 4.888000e-01
4.815000e+03 4.901000e-01
4.816000e+03 4.914000e-01
4.817000e+03 4.915000e-01
4.818000e+03 4.917000e-01
4.819000e+03 4.913000e-01
4.820000e+03 4.914000e-01
4.821000e+03 4.916000e-01
4.822000e+03 4.917000e-01
4.823000e+03 4.913000e-01
4.824000e+03 4.909000e-01
4.825000e+03 4.916000e-01
4.826000e+03 4.929000e-01
4.827000e+03 4.924000e-01
4.828000e+03 4.920000e-01
4.829000e+03 4.927000e-01
4.830000e+03 4.929000e-01
4.831000e+03 4.942000e-01
4.832000e+03 4.954000e-01
4.833000e+03 4.956000e-01
4.834000e+03 4.957000e-01
4.835000e+03 4.953000e-01
4.836000e+03 4.949000e-01
4.837000e+03 4.956000e-01
4.838000e+03 4.963000e-01
4.839000e+03 4.953000e-01
4.840000e+03 4.937000e-01
4.841000e+03 4.950000e-01
4.842000e+03 4.963000e-01
4.843000e+03 4.964000e-01
4.844000e+03 4.972000e-01
4.845000e+03 4.967000e-01
4.846000e+03 4.969000e-01
4.847000e+03 4.970000e-01
4.848000e+03 4.966000e-01
4.849000e+03 4.979000e-01
4.850000e+03 4.986000e-01
4.851000e+03 4.982000e-01
4.852000e+03 4.977000e-01
4.853000e+03 4.973000e-01
4.854000e+03 4.969000e-01
4.855000e+03 4.976000e-01
4.856000e+03 4.983000e-01
4.857000e+03 4.979000e-01
4.858000e+03 4.969000e-01
4.859000e+03 4.982000e-01
4.860000e+03 4.989000e-01
4.861000e+03 4.991000e-01
4.862000e+03 4.986000e-01
4.863000e+03 4.982000e-01
4.864000e+03 4.978000e-01
4.865000e+03 4.979000e-01
4.866000e+03 4.981000e-01
4.867000e+03 4.976000e-01
4.868000e+03 4.978000e-01
4.869000e+03 5.002000e-01
4.870000e+03 5.021000e-01
4.871000e+03 5.005000e-01
4.872000e+03 4.995000e-01
4.873000e+03 4.997000e-01
4.874000e+03 4.998000e-01
4.875000e+03 5.000000e-01
4.876000e+03 4.995000e-01
4.877000e+03 5.003000e-01
4.878000e+03 5.010000e-01
4.879000e+03 5.006000e-01
4.880000e+03 5.007000e-01
4.881000e+03 5.008000e-01
4.882000e+03 5.010000e-01
4.883000e+03 5.000000e-01
4.884000e+03 4.996000e-01
4.885000e+03 5.009000e-01
4.886000e+03 5.022000e-01
4.887000e+03 5.023000e-01
4.888000e+03 5.024000e-01
4.889000e+03 5.020000e-01
4.890000e+03 5.016000e-01
4.891000e+03 5.029000e-01
4.892000e+03 5.042000e-01
4.893000e+03 5.038000e-01
4.894000e+03 5.033000e-01
4.895000e+03 5.023000e-01
4.896000e+03 5.013000e-01
4.897000e+03 5.020000e-01
4.898000e+03 5.033000e-01
4.899000e+03 5.029000e-01
4.900000e+03 5.024000e-01
4.901000e+03 5.031000e-01
4.902000e+03 5.033000e-01
4.903000e+03 5.028000e-01
4.904000e+03 5.024000e-01
4.905000e+03 5.025000e-01
4.906000e+03 5.032000e-01
4.907000e+03 5.028000e-01
4.908000e+03 5.023000e-01
4.909000e+03 5.018000e-01
4.910000e+03 5.013000e-01
4.911000e+03 5.032000e-01
4.912000e+03 5.050000e-01
4.913000e+03 5.052000e-01
4.914000e+03 5.053000e-01
4.915000e+03 5.036000e-01
4.916000e+03 5.026000e-01
4.917000e+03 5.039000e-01
4.918000e+03 5.051000e-01
4.919000e+03 5.052000e-01
4.920000e+03 5.048000e-01
4.921000e+03 5.049000e-01
4.922000e+03 5.044000e-01
4.923000e+03 5.057000e-01
4.924000e+03 5.064000e-01
4.925000e+03 5.059000e-01
4.926000e+03 5.049000e-01
4.927000e+03 5.044000e-01
4.928000e+03 5.039000e-01
4.929000e+03 5.046000e-01
4.930000e+03 5.053000e-01
4.931000e+03 5.060000e-01
4.932000e+03 5.067000e-01
4.933000e+03 5.080000e-01
4.934000e+03 5.087000e-01
4.935000e+03 5.070000e-01
4.936000e+03 5.054000e-01
4.937000e+03 5.066000e-01
4.938000e+03 5.073000e-01
4.939000e+03 5.080000e-01
4.940000e+03 5.081000e-01
4.941000e+03 5.082000e-01
4.942000e+03 5.078000e-01
4.943000e+03 5.090000e-01
4.944000e+03 5.097000e-01
4.945000e+03 5.093000e-01
4.946000e+03 5.082000e-01
4.947000e+03 5.095000e-01
4.948000e+03 5.108000e-01
4.949000e+03 5.103000e-01
4.950000e+03 5.098000e-01
4.951000e+03 5.099000e-01
4.952000e+03 5.100000e-01
4.953000e+03 5.107000e-01
4.954000e+03 5.114000e-01
4.955000e+03 5.127000e-01
4.956000e+03 5.146000e-01
4.957000e+03 5.123000e-01
4.958000e+03 5.107000e-01
4.959000e+03 5.114000e-01
4.960000e+03 5.121000e-01
4.961000e+03 5.128000e-01
4.962000e+03 5.135000e-01
4.963000e+03 5.141000e-01
4.964000e+03 5.143000e-01
4.965000e+03 5.144000e-01
4.966000e+03 5.145000e-01
4.967000e+03 5.140000e-01
4.968000e+03 5.141000e-01
4.969000e+03 5.160000e-01
4.970000e+03 5.173000e-01
4.971000e+03 5.156000e-01
4.972000e+03 5.140000e-01
4.973000e+03 5.147000e-01
4.974000e+03 5.148000e-01
4.975000e+03 5.155000e-01
4.976000e+03 5.156000e-01
4.977000e+03 5.157000e-01
4.978000e+03 5.158000e-01
4.979000e+03 5.153000e-01
4.980000e+03 5.154000e-01
4.981000e+03 5.161000e-01
4.982000e+03 5.168000e-01
4.983000e+03 5.169000e-01
4.984000e+03 5.176000e-01
4.985000e+03 5.171000e-01
4.986000e+03 5.166000e-01
4.987000e+03 5.173000e-01
4.988000e+03 5.174000e-01
4.989000e+03 5.181000e-01
4.990000e+03 5.182000e-01
4.991000e+03 5.171000e-01
4.992000e+03 5.160000e-01
4.993000e+03 5.167000e-01
4.994000e+03 5.174000e-01
4.995000e+03 5.186000e-01
4.996000e+03 5.199000e-01
4.997000e+03 5.188000e-01
4.998000e+03 5.183000e-01
4.999000e+03 5.173000e-01
5.000000e+03 5.168000e-01
5.001000e+03 5.180000e-01
5.002000e+03 5.193000e-01
5.003000e+03 5.194000e-01
5.004000e+03 5.201000e-01
5.005000e+03 5.196000e-01
5.006000e+03 5.191000e-01
5.007000e+03 5.198000e-01
5.008000e+03 5.199000e-01
5.009000e+03 5.194000e-01
5.010000e+03 5.195000e-01
5.011000e+03 5.196000e-01
5.012000e+03 5.197000e-01
5.013000e+03 5.192000e-01
5.014000e+03 5.187000e-01
5.015000e+03 5.187000e-01
5.016000e+03 5.194000e-01
5.017000e+03 5.189000e-01
5.018000e+03 5.184000e-01
5.019000e+03 5.185000e-01
5.020000e+03 5.192000e-01
5.021000e+03 5.187000e-01
5.022000e+03 5.188000e-01
5.023000e+03 5.183000e-01
5.024000e+03 5.178000e-01
5.025000e+03 5.179000e-01
5.026000e+03 5.180000e-01
5.027000e+03 5.181000e-01
5.028000e+03 5.176000e-01
5.029000e+03 5.176000e-01
5.030000e+03 5.171000e-01
5.031000e+03 5.172000e-01
5.032000e+03 5.173000e-01
5.033000e+03 5.186000e-01
5.034000e+03 5.193000e-01
5.035000e+03 5.194000e-01
5.036000e+03 5.188000e-01
5.037000e+03 5.177000e-01
5.038000e+03 5.166000e-01
5.039000e+03 5.161000e-01
5.040000e+03 5.156000e-01
5.041000e+03 5.169000e-01
5.042000e+03 5.188000e-01
5.043000e+03 5.177000e-01
5.044000e+03 5.166000e-01
5.045000e+03 5.154000e-01
5.046000e+03 5.149000e-01
5.047000e+03 5.156000e-01
5.048000e+03 5.169000e-01
5.049000e+03 5.158000e-01
5.050000e+03 5.153000e-01
5.051000e+03 5.160000e-01
5.052000e+03 5.172000e-01
5.053000e+03 5.161000e-01
5.054000e+03 5.156000e-01
5.055000e+03 5.145000e-01
5.056000e+03 5.140000e-01
5.057000e+03 5.165000e-01
5.058000e+03 5.195000e-01
5.059000e+03 5.178000e-01
5.060000e+03 5.167000e-01
5.061000e+03 5.156000e-01
5.062000e+03 5.145000e-01
5.063000e+03 5.146000e-01
5.064000e+03 5.147000e-01
5.065000e+03 5.141000e-01
5.066000e+03 5.136000e-01
5.067000e+03 5.149000e-01
5.068000e+03 5.156000e-01
5.069000e+03 5.163000e-01
5.070000e+03 5.170000e-01
5.071000e+03 5.176000e-01
5.072000e+03 5.177000e-01
5.073000e+03 5.154000e-01
5.074000e+03 5.137000e-01
5.075000e+03 5.150000e-01
5.076000e+03 5.163000e-01
5.077000e+03 5.163000e-01
5.078000e+03 5.170000e-01
5.079000e+03 5.171000e-01
5.080000e+03 5.166000e-01
5.081000e+03 5.173000e-01
5.082000e+03 5.174000e-01
5.083000e+03 5.174000e-01
5.084000e+03 5.169000e-01
5.085000e+03 5.176000e-01
5.086000e+03 5.183000e-01
5.087000e+03 5.184000e-01
5.088000e+03 5.184000e-01
5.089000e+03 5.179000e-01
5.090000e+03 5.174000e-01
5.091000e+03 5.187000e-01
5.092000e+03 5.206000e-01
5.093000e+03 5.201000e-01
5.094000e+03 5.195000e-01
5.095000e+03 5.202000e-01
5.096000e+03 5.215000e-01
5.097000e+03 5.210000e-01
5.098000e+03 5.205000e-01
5.099000e+03 5.217000e-01
5.100000e+03 5.230000e-01
5.101000e+03 5.237000e-01
5.102000e+03 5.244000e-01
5.103000e+03 5.251000e-01
5.104000e+03 5.257000e-01
5.105000e+03 5.246000e-01
5.106000e+03 5.229000e-01
5.107000e+03 5.242000e-01
5.108000e+03 5.254000e-01
5.109000e+03 5.249000e-01
5.110000e+03 5.250000e-01
5.111000e+03 5.244000e-01
5.112000e+03 5.245000e-01
5.113000e+03 5.264000e-01
5.114000e+03 5.283000e-01
5.115000e+03 5.278000e-01
5.116000e+03 5.272000e-01
5.117000e+03 5.279000e-01
5.118000e+03 5.280000e-01
5.119000e+03 5.280000e-01
5.120000e+03 5.275000e-01
5.121000e+03 5.300000e-01
5.122000e+03 5.330000e-01
5.123000e+03 5.307000e-01
5.124000e+03 5.277000e-01
5.125000e+03 5.308000e-01
5.126000e+03 5.333000e-01
5.127000e+03 5.321000e-01
5.128000e+03 5.310000e-01
5.129000e+03 5.310000e-01
5.130000e+03 5.311000e-01
5.131000e+03 5.324000e-01
5.132000e+03 5.330000e-01
5.133000e+03 5.337000e-01
5.134000e+03 5.337000e-01
5.135000e+03 5.338000e-01
5.136000e+03 5.332000e-01
5.137000e+03 5.326000e-01
5.138000e+03 5.327000e-01
5.139000e+03 5.333000e-01
5.140000e+03 5.340000e-01
5.141000e+03 5.346000e-01
5.142000e+03 5.347000e-01
5.143000e+03 5.359000e-01
5.144000e+03 5.366000e-01
5.145000e+03 5.348000e-01
5.146000e+03 5.336000e-01
5.147000e+03 5.343000e-01
5.148000e+03 5.343000e-01
5.149000e+03 5.344000e-01
5.150000e+03 5.350000e-01
5.151000e+03 5.357000e-01
5.152000e+03 5.357000e-01
5.153000e+03 5.370000e-01
5.154000e+03 5.376000e-01
5.155000e+03 5.370000e-01
5.156000e+03 5.365000e-01
5.157000e+03 5.365000e-01
5.158000e+03 5.366000e-01
5.159000e+03 5.360000e-01
5.160000e+03 5.355000e-01
5.161000e+03 5.367000e-01
5.162000e+03 5.380000e-01
5.163000e+03 5.374000e-01
5.164000e+03 5.362000e-01
5.165000e+03 5.375000e-01
5.166000e+03 5.381000e-01
5.167000e+03 5.376000e-01
5.168000e+03 5.370000e-01
5.169000e+03 5.371000e-01
5.170000e+03 5.377000e-01
5.171000e+03 5.384000e-01
5.172000e+03 5.384000e-01
5.173000e+03 5.378000e-01
5.174000e+03 5.373000e-01
5.175000e+03 5.373000e-01
5.176000e+03 5.374000e-01
5.177000e+03 5.374000e-01
5.178000e+03 5.374000e-01
5.179000e+03 5.381000e-01
5.180000e+03 5.387000e-01
5.181000e+03 5.382000e-01
5.182000e+03 5.376000e-01
5.183000e+03 5.370000e-01
5.184000e+03 5.371000e-01
5.185000e+03 5.365000e-01
5.186000e+03 5.359000e-01
5.187000e+03 5.366000e-01
5.188000e+03 5.366000e-01
5.189000e+03 5.367000e-01
5.190000e+03 5.361000e-01
5.191000e+03 5.362000e-01
5.192000e+03 5.356000e-01
5.193000e+03 5.362000e-01
5.194000e+03 5.363000e-01
5.195000e+03 5.363000e-01
5.196000e+03 5.364000e-01
5.197000e+03 5.370000e-01
5.198000e+03 5.370000e-01
5.199000e+03 5.365000e-01
5.200000e+03 5.353000e-01
5.201000e+03 5.360000e-01
5.202000e+03 5.360000e-01
5.203000e+03 5.361000e-01
5.204000e+03 5.361000e-01
5.205000e+03 5.356000e-01
5.206000e+03 5.356000e-01
5.207000e+03 5.350000e-01
5.208000e+03 5.339000e-01
5.209000e+03 5.352000e-01
5.210000e+03 5.370000e-01
5.211000e+03 5.353000e-01
5.212000e+03 5.341000e-01
5.213000e+03 5.354000e-01
5.214000e+03 5.366000e-01
5.215000e+03 5.367000e-01
5.216000e+03 5.361000e-01
5.217000e+03 5.368000e-01
5.218000e+03 5.368000e-01
5.219000e+03 5.369000e-01
5.220000e+03 5.363000e-01
5.221000e+03 5.364000e-01
5.222000e+03 5.370000e-01
5.223000e+03 5.371000e-01
5.224000e+03 5.371000e-01
5.225000e+03 5.366000e-01
5.226000e+03 5.354000e-01
5.227000e+03 5.367000e-01
5.228000e+03 5.380000e-01
5.229000e+03 5.380000e-01
5.230000e+03 5.374000e-01
5.231000e+03 5.381000e-01
5.232000e+03 5.382000e-01
5.233000e+03 5.376000e-01
5.234000e+03 5.364000e-01
5.235000e+03 5.365000e-01
5.236000e+03 5.359000e-01
5.237000e+03 5.384000e-01
5.238000e+03 5.409000e-01
5.239000e+03 5.385000e-01
5.240000e+03 5.361000e-01
5.241000e+03 5.355000e-01
5.242000e+03 5.356000e-01
5.243000e+03 5.356000e-01
5.244000e+03 5.363000e-01
5.245000e+03 5.370000e-01
5.246000e+03 5.376000e-01
5.247000e+03 5.364000e-01
5.248000e+03 5.353000e-01
5.249000e+03 5.365000e-01
5.250000e+03 5.372000e-01
5.251000e+03 5.360000e-01
5.252000e+03 5.349000e-01
5.253000e+03 5.355000e-01
5.254000e+03 5.362000e-01
5.255000e+03 5.350000e-01
5.256000e+03 5.345000e-01
5.257000e+03 5.351000e-01
5.258000e+03 5.358000e-01
5.259000e+03 5.353000e-01
5.260000e+03 5.341000e-01
5.261000e+03 5.348000e-01
5.262000e+03 5.354000e-01
5.263000e+03 5.336000e-01
5.264000e+03 5.325000e-01
5.265000e+03 5.338000e-01
5.266000e+03 5.350000e-01
5.267000e+03 5.345000e-01
5.268000e+03 5.339000e-01
5.269000e+03 5.334000e-01
5.270000e+03 5.334000e-01
5.271000e+03 5.335000e-01
5.272000e+03 5.335000e-01
5.273000e+03 5.324000e-01
5.274000e+03 5.306000e-01
5.275000e+03 5.312000e-01
5.276000e+03 5.319000e-01
5.277000e+03 5.326000e-01
5.278000e+03 5.332000e-01
5.279000e+03 5.321000e-01
5.280000e+03 5.309000e-01
5.281000e+03 5.310000e-01
5.282000e+03 5.310000e-01
5.283000e+03 5.304000e-01
5.284000e+03 5.305000e-01
5.285000e+03 5.299000e-01
5.286000e+03 5.288000e-01
5.287000e+03 5.282000e-01
5.288000e+03 5.276000e-01
5.289000e+03 5.283000e-01
5.290000e+03 5.290000e-01
5.291000e+03 5.272000e-01
5.292000e+03 5.260000e-01
5.293000e+03 5.273000e-01
5.294000e+03 5.292000e-01
5.295000e+03 5.286000e-01
5.296000e+03 5.275000e-01
5.297000e+03 5.275000e-01
5.298000e+03 5.269000e-01
5.299000e+03 5.264000e-01
5.300000e+03 5.264000e-01
5.301000e+03 5.253000e-01
5.302000e+03 5.247000e-01
5.303000e+03 5.254000e-01
5.304000e+03 5.255000e-01
5.305000e+03 5.249000e-01
5.306000e+03 5.244000e-01
5.307000e+03 5.244000e-01
5.308000e+03 5.245000e-01
5.309000e+03 5.245000e-01
5.310000e+03 5.246000e-01
5.311000e+03 5.241000e-01
5.312000e+03 5.235000e-01
5.313000e+03 5.236000e-01
5.314000e+03 5.230000e-01
5.315000e+03 5.237000e-01
5.316000e+03 5.244000e-01
5.317000e+03 5.244000e-01
5.318000e+03 5.251000e-01
5.319000e+03 5.239000e-01
5.320000e+03 5.228000e-01
5.321000e+03 5.234000e-01
5.322000e+03 5.241000e-01
5.323000e+03 5.248000e-01
5.324000e+03 5.255000e-01
5.325000e+03 5.243000e-01
5.326000e+03 5.231000e-01
5.327000e+03 5.220000e-01
5.328000e+03 5.214000e-01
5.329000e+03 5.221000e-01
5.330000e+03 5.227000e-01
5.331000e+03 5.234000e-01
5.332000e+03 5.235000e-01
5.333000e+03 5.235000e-01
5.334000e+03 5.242000e-01
5.335000e+03 5.243000e-01
5.336000e+03 5.237000e-01
5.337000e+03 5.244000e-01
5.338000e+03 5.244000e-01
5.339000e+03 5.238000e-01
5.340000e+03 5.239000e-01
5.341000e+03 5.246000e-01
5.342000e+03 5.252000e-01
5.343000e+03 5.240000e-01
5.344000e+03 5.235000e-01
5.345000e+03 5.241000e-01
5.346000e+03 5.248000e-01
5.347000e+03 5.242000e-01
5.348000e+03 5.237000e-01
5.349000e+03 5.237000e-01
5.350000e+03 5.244000e-01
5.351000e+03 5.238000e-01
5.352000e+03 5.239000e-01
5.353000e+03 5.239000e-01
5.354000e+03 5.240000e-01
5.355000e+03 5.234000e-01
5.356000e+03 5.234000e-01
5.357000e+03 5.229000e-01
5.358000e+03 5.217000e-01
5.359000e+03 5.211000e-01
5.360000e+03 5.206000e-01
5.361000e+03 5.212000e-01
5.362000e+03 5.219000e-01
5.363000e+03 5.207000e-01
5.364000e+03 5.201000e-01
5.365000e+03 5.208000e-01
5.366000e+03 5.208000e-01
5.367000e+03 5.209000e-01
5.368000e+03 5.203000e-01
5.369000e+03 5.197000e-01
5.370000e+03 5.186000e-01
5.371000e+03 5.186000e-01
5.372000e+03 5.186000e-01
5.373000e+03 5.175000e-01
5.374000e+03 5.163000e-01
5.375000e+03 5.169000e-01
5.376000e+03 5.170000e-01
5.377000e+03 5.164000e-01
5.378000e+03 5.158000e-01
5.379000e+03 5.153000e-01
5.380000e+03 5.153000e-01
5.381000e+03 5.141000e-01
5.382000e+03 5.129000e-01
5.383000e+03 5.130000e-01
5.384000e+03 5.136000e-01
5.385000e+03 5.130000e-01
5.386000e+03 5.119000e-01
5.387000e+03 5.119000e-01
5.388000e+03 5.113000e-01
5.389000e+03 5.107000e-01
5.390000e+03 5.095000e-01
5.391000e+03 5.084000e-01
5.392000e+03 5.072000e-01
5.393000e+03 5.078000e-01
5.394000e+03 5.085000e-01
5.395000e+03 5.073000e-01
5.396000e+03 5.067000e-01
5.397000e+03 5.055000e-01
5.398000e+03 5.043000e-01
5.399000e+03 5.050000e-01
5.400000e+03 5.050000e-01
5.401000e+03 5.050000e-01
5.402000e+03 5.045000e-01
5.403000e+03 5.039000e-01
5.404000e+03 5.039000e-01
5.405000e+03 5.040000e-01
5.406000e+03 5.040000e-01
5.407000e+03 5.028000e-01
5.408000e+03 5.016000e-01
5.409000e+03 5.016000e-01
5.410000e+03 5.023000e-01
5.411000e+03 5.011000e-01
5.412000e+03 5.005000e-01
5.413000e+03 5.012000e-01
5.414000e+03 5.024000e-01
5.415000e+03 5.019000e-01
5.416000e+03 5.006000e-01
5.417000e+03 5.013000e-01
5.418000e+03 5.013000e-01
5.419000e+03 5.001000e-01
5.420000e+03 4.989000e-01
5.421000e+03 5.015000e-01
5.422000e+03 5.033000e-01
5.423000e+03 5.028000e-01
5.424000e+03 5.016000e-01
5.425000e+03 5.022000e-01
5.426000e+03 5.029000e-01
5.427000e+03 5.035000e-01
5.428000e+03 5.042000e-01
5.429000e+03 5.036000e-01
5.430000e+03 5.036000e-01
5.431000e+03 5.049000e-01
5.432000e+03 5.062000e-01
5.433000e+03 5.062000e-01
5.434000e+03 5.062000e-01
5.435000e+03 5.056000e-01
5.436000e+03 5.057000e-01
5.437000e+03 5.063000e-01
5.438000e+03 5.070000e-01
5.439000e+03 5.076000e-01
5.440000e+03 5.077000e-01
5.441000e+03 5.083000e-01
5.442000e+03 5.090000e-01
5.443000e+03 5.084000e-01
5.444000e+03 5.084000e-01
5.445000e+03 5.091000e-01
5.446000e+03 5.091000e-01
5.447000e+03 5.085000e-01
5.448000e+03 5.073000e-01
5.449000e+03 5.067000e-01
5.450000e+03 5.061000e-01
5.451000e+03 5.043000e-01
5.452000e+03 5.030000e-01
5.453000e+03 5.025000e-01
5.454000e+03 5.019000e-01
5.455000e+03 5.019000e-01
5.456000e+03 5.013000e-01
5.457000e+03 4.988000e-01
5.458000e+03 4.964000e-01
5.459000e+03 4.939000e-01
5.460000e+03 4.921000e-01
5.461000e+03 4.896000e-01
5.462000e+03 4.872000e-01
5.463000e+03 4.847000e-01
5.464000e+03 4.816000e-01
5.465000e+03 4.786000e-01
5.466000e+03 4.761000e-01
5.467000e+03 4.724000e-01
5.468000e+03 4.693000e-01
5.469000e+03 4.656000e-01
5.470000e+03 4.625000e-01
5.471000e+03 4.582000e-01
5.472000e+03 4.539000e-01
5.473000e+03 4.483000e-01
5.474000e+03 4.427000e-01
5.475000e+03 4.378000e-01
5.476000e+03 4.328000e-01
5.477000e+03 4.273000e-01
5.478000e+03 4.217000e-01
5.479000e+03 4.161000e-01
5.480000e+03 4.105000e-01
5.481000e+03 4.043000e-01
5.482000e+03 3.981000e-01
5.483000e+03 3.919000e-01
5.484000e+03 3.863000e-01
5.485000e+03 3.814000e-01
5.486000e+03 3.770000e-01
5.487000e+03 3.702000e-01
5.488000e+03 3.634000e-01
5.489000e+03 3.565000e-01
5.490000e+03 3.497000e-01
5.491000e+03 3.447000e-01
5.492000e+03 3.391000e-01
5.493000e+03 3.329000e-01
5.494000e+03 3.267000e-01
5.495000e+03 3.211000e-01
5.496000e+03 3.149000e-01
5.497000e+03 3.087000e-01
5.498000e+03 3.025000e-01
5.499000e+03 2.981000e-01
5.500000e+03 2.938000e-01
5.501000e+03 2.876000e-01
5.502000e+03 2.820000e-01
5.503000e+03 2.764000e-01
5.504000e+03 2.714000e-01
5.505000e+03 2.671000e-01
5.506000e+03 2.634000e-01
5.507000e+03 2.584000e-01
5.508000e+03 2.528000e-01
5.509000e+03 2.497000e-01
5.510000e+03 2.460000e-01
5.511000e+03 2.416000e-01
5.512000e+03 2.373000e-01
5.513000e+03 2.342000e-01
5.514000e+03 2.311000e-01
5.515000e+03 2.280000e-01
5.516000e+03 2.249000e-01
5.517000e+03 2.218000e-01
5.518000e+03 2.187000e-01
5.519000e+03 2.162000e-01
5.520000e+03 2.137000e-01
5.521000e+03 2.112000e-01
5.522000e+03 2.088000e-01
5.523000e+03 2.075000e-01
5.524000e+03 2.057000e-01
5.525000e+03 2.044000e-01
5.526000e+03 2.026000e-01
5.527000e+03 2.007000e-01
5.528000e+03 1.982000e-01
5.529000e+03 1.970000e-01
5.530000e+03 1.964000e-01
5.531000e+03 1.945000e-01
5.532000e+03 1.933000e-01
5.533000e+03 1.920000e-01
5.534000e+03 1.908000e-01
5.535000e+03 1.889000e-01
5.536000e+03 1.864000e-01
5.537000e+03 1.858000e-01
5.538000e+03 1.852000e-01
5.539000e+03 1.827000e-01
5.540000e+03 1.802000e-01
5.541000e+03 1.784000e-01
5.542000e+03 1.765000e-01
5.543000e+03 1.746000e-01
5.544000e+03 1.722000e-01
5.545000e+03 1.690000e-01
5.546000e+03 1.659000e-01
5.547000e+03 1.622000e-01
5.548000e+03 1.585000e-01
5.549000e+03 1.553000e-01
5.550000e+03 1.522000e-01
5.551000e+03 1.479000e-01
5.552000e+03 1.435000e-01
5.553000e+03 1.391000e-01
5.554000e+03 1.348000e-01
5.555000e+03 1.285000e-01
5.556000e+03 1.229000e-01
5.557000e+03 1.179000e-01
5.558000e+03 1.136000e-01
5.559000e+03 1.080000e-01
5.560000e+03 1.023000e-01
5.561000e+03 9.610000e-02
5.562000e+03 9.050000e-02
5.563000e+03 8.490000e-02
5.564000e+03 7.930000e-02
5.565000e+03 7.360000e-02
5.566000e+03 6.800000e-02
5.567000e+03 6.300000e-02
5.568000e+03 5.870000e-02
5.569000e+03 5.430000e-02
5.570000e+03 5.060000e-02
5.571000e+03 4.680000e-02
5.572000e+03 4.240000e-02
5.573000e+03 3.990000e-02
5.574000e+03 3.680000e-02
5.575000e+03 3.370000e-02
5.576000e+03 3.120000e-02
5.577000e+03 2.930000e-02
5.578000e+03 2.680000e-02
5.579000e+03 2.500000e-02
5.580000e+03 2.250000e-02
5.581000e+03 2.120000e-02
5.582000e+03 2.000000e-02
5.583000e+03 1.810000e-02
5.584000e+03 1.690000e-02
5.585000e+03 1.560000e-02
5.586000e+03 1.440000e-02
5.587000e+03 1.310000e-02
5.588000e+03 1.250000e-02
5.589000e+03 1.120000e-02
5.590000e+03 1.060000e-02
5.591000e+03 1.000000e-02
5.592000e+03 9.400000e-03
5.593000e+03 8.700000e-03
5.594000e+03 8.100000e-03
5.595000e+03 7.500000e-03
5.596000e+03 6.900000e-03
5.597000e+03 6.200000e-03
5.598000e+03 5.600000e-03
5.599000e+03 5.600000e-03
5.600000e+03 5.000000e-03
5.601000e+03 5.000000e-03
5.602000e+03 4.400000e-03
5.603000e+03 4.400000e-03
5.604000e+03 3.700000e-03
5.605000e+03 3.700000e-03
5.606000e+03 3.700000e-03
5.607000e+03 3.100000e-03
5.608000e+03 3.100000e-03
5.609000e+03 2.500000e-03
5.610000e+03 2.500000e-03
5.611000e+03 2.500000e-03
5.612000e+03 2.500000e-03
5.613000e+03 2.500000e-03
5.614000e+03 1.900000e-03
5.615000e+03 1.900000e-03
5.616000e+03 1.900000e-03
5.617000e+03 1.900000e-03
5.618000e+03 1.900000e-03
5.619000e+03 1.900000e-03
5.620000e+03 1.200000e-03
5.621000e+03 1.200000e-03
5.622000e+03 1.200000e-03
5.623000e+03 1.200000e-03
5.624000e+03 1.200000e-03
5.625000e+03 1.200000e-03
5.626000e+03 1.200000e-03
5.627000e+03 1.200000e-03
5.628000e+03 6.000000e-04
5.629000e+03 6.000000e-04
5.630000e+03 6.000000e-04
5.631000e+03 6.000000e-04
5.632000e+03 6.000000e-04
5.633000e+03 6.000000e-04
5.634000e+03 6.000000e-04
5.635000e+03 6.000000e-04
5.636000e+03 6.000000e-04
5.637000e+03 6.000000e-04
5.638000e+03 6.000000e-04
5.639000e+03 6.000000e-04
5.640000e+03 6.000000e-04
5.641000e+03 6.000000e-04
5.642000e+03 6.000000e-04
5.643000e+03 6.000000e-04
5.644000e+03 6.000000e-04
5.645000e+03 6.000000e-04
5.646000e+03 6.000000e-04
5.647000e+03 6.000000e-04
