# JPLUS_iSDSS
# vendored from SVO FPS 'OAJ/JPLUS.iSDSS', 2026-07-04
# columns: wavelength_Angstrom throughput
6.610000e+03 6.000000e-04
6.611000e+03 6.000000e-04
6.612000e+03 6.000000e-04
6.613000e+03 6.000000e-04
6.614000e+03 6.000000e-04
6.615000e+03 6.000000e-04
6.616000e+03 6.000000e-04
6.617000e+03 6.000000e-04
6.618000e+03 6.000000e-04
6.619000e+03 6.000000e-04
6.620000e+03 6.000000e-04
6.621000e+03 6.000000e-04
6.622000e+03 6.000000e-04
6.623000e+03 6.000000e-04
6.624000e+03 6.000000e-04
6.625000e+03 6.000000e-04
6.626000e+03 6.000000e-04
6.627000e+03 6.000000e-04
6.628000e+03 6.000000e-04
6.629000e+03 6.000000e-04
6.630000e+03 6.000000e-04
6.631000e+03 6.000000e-04
6.632000e+03 6.000000e-04
6.633000e+03 6.000000e-04
6.634000e+03 6.000000e-04
6.635000e+03 6.000000e-04
6.636000e+03 6.000000e-04
6.637000e+03 6.000000e-04
6.638000e+03 6.000000e-04
6.639000e+03 6.000000e-04
6.640000e+03 6.000000e-04
6.641000e+03 6.000000e-04
6.642000e+03 6.000000e-04
6.643000e+03 6.000000e-04
6.644000e+03 6.000000e-04
6.645000e+03 6.000000e-04
6.646000e+03 6.000000e-04
6.647000e+03 6.000000e-04
6.648000e+03 6.000000e-04
6.649000e+03 6.000000e-04
6.650000e+03 1.200000e-03
6.651000e+03 1.200000e-03
6.652000e+03 1.200000e-03
6.653000e+03 1.200000e-03
6.654000e+03 1.200000e-03
6.655000e+03 1.200000e-03
6.656000e+03 1.200000e-03
6.657000e+03 1.200000e-03
6.658000e+03 1.200000e-03
6.659000e+03 1.200000e-03
6.660000e+03 1.200000e-03
6.661000e+03 1.200000e-03
6.662000e+03 1.200000e-03
6.663000e+03 1.200000e-03
6.664000e+03 1.200000e-03
6.665000e+03 1.200000e-03
6.666000e+03 1.200000e-03
6.667000e+03 1.200000e-03
6.668000e+03 1.800000e-03
6.669000e+03 1.800000e-03
6.670000e+03 1.800000e-03
6.671000e+03 1.800000e-03
6.672000e+03 1.800000e-03
6.673000e+03 1.800000e-03
6.674000e+03 1.800000e-03
6.675000e+03 1.800000e-03
6.676000e+03 1.800000e-03
6.677000e+03 1.800000e-03
6.678000e+03 1.800000e-03
6.679000e+03 2.500000e-03
6.680000e+03 2.500000e-03
6.681000e+03 2.500000e-03
6.682000e+03 2.500000e-03
6.683000e+03 2.500000e-03
6.684000e+03 2.500000e-03
6.685000e+03 2.500000e-03
6.686000e+03 2.500000e-03
6.687000e+03 2.500000e-03
6.688000e+03 3.100000e-03
6.689000e+03 3.100000e-03
6.690000e+03 3.100000e-03
6.691000e+03 3.100000e-03
6.692000e+03 3.100000e-03
6.693000e+03 3.100000e-03
6.694000e+03 3.100000e-03
6.695000e+03 3.700000e-03
6.696000e+03 3.700000e-03
6.697000e+03 3.700000e-03
6.698000e+03 3.700000e-03
6.699000e+03 3.700000e-03
6.700000e+03 4.300000e-03
6.701000e+03 4.300000e-03
6.702000e+03 4.300000e-03
6.703000e+03 4.300000e-03
6.704000e+03 4.300000e-03
6.705000e+03 4.300000e-03
6.706000e+03 4.900000e-03
6.707000e+03 4.900000e-03
6.708000e+03 4.900000e-03
6.709000e+03 4.900000e-03
6.710000e+03 5.500000e-03
6.711000e+03 5.500000e-03
6.712000e+03 5.500000e-03
6.713000e+03 5.500000e-03
6.714000e+03 6.100000e-03
6.715000e+03 6.100000e-03
6.716000e+03 6.100000e-03
6.717000e+03 6.700000e-03
6.718000e+03 6.700000e-03
6.719000e+03 6.700000e-03
6.720000e+03 6.700000e-03
6.721000e+03 7.300000e-03
6.722000e+03 7.300000e-03
6.723000e+03 7.300000e-03
6.724000e+03 7.900000e-03
6.725000e+03 7.900000e-03
6.726000e+03 7.900000e-03
6.727000e+03 8.600000e-03
6.728000e+03 8.600000e-03
6.729000e+03 9.200000e-03
6.730000e+03 9.200000e-03
6.731000e+03 9.200000e-03
6.732000e+03 9.800000e-03
6.733000e+03 9.800000e-03
6.734000e+03 1.040000e-02
6.735000e+03 1.040000e-02
6.736000e+03 1.100000e-02
6.737000e+03 1.100000e-02
6.738000e+03 1.160000e-02
6.739000e+03 1.160000e-02
6.740000e+03 1.220000e-02
6.741000e+03 1.220000e-02
6.742000e+03 1.290000e-02
6.743000e+03 1.290000e-02
6.744000e+03 1.350000e-02
6.745000e+03 1.410000e-02
6.746000e+03 1.410000e-02
6.747000e+03 1.470000e-02
6.748000e+03 1.470000e-02
6.749000e+03 1.530000e-02
6.750000e+03 1.590000e-02
6.751000e+03 1.590000e-02
6.752000e+03 1.660000e-02
6.753000e+03 1.720000e-02
6.754000e+03 1.780000e-02
6.755000e+03 1.780000e-02
6.756000e+03 1.840000e-02
6.757000e+03 1.900000e-02
6.758000e+03 1.960000e-02
6.759000e+03 1.970000e-02
6.760000e+03 2.030000e-02
6.761000e+03 2.090000e-02
6.762000e+03 2.150000e-02
6.763000e+03 2.210000e-02
6.764000e+03 2.270000e-02
6.765000e+03 2.340000e-02
6.766000e+03 2.340000e-02
6.767000e+03 2.400000e-02
6.768000e+03 2.460000e-02
6.769000e+03 2.520000e-02
6.770000e+03 2.590000e-02
6.771000e+03 2.650000e-02
6.772000e+03 2.710000e-02
6.773000e+03 2.770000e-02
6.774000e+03 2.830000e-02
6.775000e+03 2.960000e-02
6.776000e+03 3.020000e-02
6.777000e+03 3.080000e-02
6.778000e+03 3.140000e-02
6.779000e+03 3.210000e-02
6.780000e+03 3.270000e-02
6.781000e+03 3.390000e-02
6.782000e+03 3.450000e-02
6.783000e+03 3.520000e-02
6.784000e+03 3.580000e-02
6.785000e+03 3.700000e-02
6.786000e+03 3.760000e-02
6.787000e+03 3.880000e-02
6.788000e+03 3.950000e-02
6.789000e+03 4.010000e-02
6.790000e+03 4.130000e-02
6.791000e+03 4.190000e-02
6.792000e+03 4.250000e-02
6.793000e+03 4.380000e-02
6.794000e+03 4.440000e-02
6.795000e+03 4.500000e-02
6.796000e+03 4.620000e-02
6.797000e+03 4.740000e-02
6.798000e+03 4.800000e-02
6.799000e+03 4.930000e-02
6.800000e+03 5.050000e-02
6.801000e+03 5.110000e-02
6.802000e+03 5.230000e-02
6.803000e+03 5.360000e-02
6.804000e+03 5.420000e-02
6.805000e+03 5.540000e-02
6.806000e+03 5.660000e-02
6.807000e+03 5.720000e-02
6.808000e+03 5.840000e-02
6.809000e+03 5.950000e-02
6.810000e+03 6.070000e-02
6.811000e+03 6.190000e-02
6.812000e+03 6.310000e-02
6.813000e+03 6.430000e-02
6.814000e+03 6.540000e-02
6.815000e+03 6.660000e-02
6.816000e+03 6.780000e-02
6.817000e+03 6.890000e-02
6.818000e+03 7.010000e-02
6.819000e+03 7.130000e-02
6.820000e+03 7.240000e-02
6.821000e+03 7.360000e-02
6.822000e+03 7.480000e-02
6.823000e+03 7.590000e-02
6.824000e+03 7.770000e-02
6.825000e+03 7.880000e-02
6.826000e+03 8.000000e-02
6.827000e+03 8.170000e-02
6.828000e+03 8.290000e-02
6.829000e+03 8.400000e-02
6.830000e+03 8.580000e-02
6.831000e+03 8.690000e-02
6.832000e+03 8.800000e-02
6.833000e+03 8.970000e-02
6.834000e+03 9.070000e-02
6.835000e+03 9.240000e-02
6.836000e+03 9.410000e-02
6.837000e+03 9.520000e-02
6.838000e+03 9.690000e-02
6.839000e+03 9.850000e-02
6.840000e+03 1.002000e-01
6.841000e+03 1.013000e-01
6.842000e+03 1.029000e-01
6.843000e+03 1.046000e-01
6.844000e+03 1.056000e-01
6.845000e+03 1.073000e-01
6.846000e+03 1.089000e-01
6.847000e+03 1.099000e-01
6.848000e+03 1.116000e-01
6.849000e+03 1.132000e-01
6.850000e+03 1.148000e-01
6.851000e+03 1.164000e-01
6.852000e+03 1.180000e-01
6.853000e+03 1.191000e-01
6.854000e+03 1.207000e-01
6.855000e+03 1.223000e-01
6.856000e+03 1.239000e-01
6.857000e+03 1.255000e-01
6.858000e+03 1.272000e-01
6.859000e+03 1.288000e-01
6.860000e+03 1.304000e-01
6.861000e+03 1.326000e-01
6.862000e+03 1.342000e-01
6.863000e+03 1.359000e-01
6.864000e+03 1.375000e-01
6.865000e+03 1.391000e-01
6.866000e+03 1.407000e-01
6.867000e+03 1.423000e-01
6.868000e+03 1.439000e-01
6.869000e+03 1.460000e-01
6.870000e+03 1.476000e-01
6.871000e+03 1.492000e-01
6.872000e+03 1.508000e-01
6.873000e+03 1.530000e-01
6.874000e+03 1.545000e-01
6.875000e+03 1.561000e-01
6.876000e+03 1.583000e-01
6.877000e+03 1.598000e-01
6.878000e+03 1.614000e-01
6.879000e+03 1.635000e-01
6.880000e+03 1.651000e-01
6.881000e+03 1.668000e-01
6.882000e+03 1.685000e-01
6.883000e+03 1.703000e-01
6.884000e+03 1.720000e-01
6.885000e+03 1.743000e-01
6.886000e+03 1.760000e-01
6.887000e+03 1.777000e-01
6.888000e+03 1.800000e-01
6.889000e+03 1.817000e-01
6.890000e+03 1.835000e-01
6.891000e+03 1.858000e-01
6.892000e+03 1.875000e-01
6.893000e+03 1.898000e-01
6.894000e+03 1.915000e-01
6.895000e+03 1.938000e-01
6.896000e+03 1.955000e-01
6.897000e+03 1.978000e-01
6.898000e+03 2.001000e-01
6.899000e+03 2.024000e-01
6.900000e+03 2.042000e-01
6.901000e+03 2.065000e-01
6.902000e+03 2.088000e-01
6.903000e+03 2.105000e-01
6.904000e+03 2.128000e-01
6.905000e+03 2.145000e-01
6.906000e+03 2.164000e-01
6.907000e+03 2.188000e-01
6.908000e+03 2.207000e-01
6.909000e+03 2.232000e-01
6.910000e+03 2.251000e-01
6.911000e+03 2.276000e-01
6.912000e+03 2.300000e-01
6.913000e+03 2.325000e-01
6.914000e+03 2.344000e-01
6.915000e+03 2.369000e-01
6.916000e+03 2.394000e-01
6.917000e+03 2.413000e-01
6.918000e+03 2.438000e-01
6.919000e+03 2.463000e-01
6.920000e+03 2.488000e-01
6.921000e+03 2.507000e-01
6.922000e+03 2.532000e-01
6.923000e+03 2.557000e-01
6.924000e+03 2.582000e-01
6.925000e+03 2.608000e-01
6.926000e+03 2.627000e-01
6.927000e+03 2.652000e-01
6.928000e+03 2.678000e-01
6.929000e+03 2.697000e-01
6.930000e+03 2.722000e-01
6.931000e+03 2.742000e-01
6.932000e+03 2.768000e-01
6.933000e+03 2.794000e-01
6.934000e+03 2.814000e-01
6.935000e+03 2.834000e-01
6.936000e+03 2.855000e-01
6.937000e+03 2.881000e-01
6.938000e+03 2.907000e-01
6.939000e+03 2.927000e-01
6.940000e+03 2.953000e-01
6.941000e+03 2.974000e-01
6.942000e+03 3.000000e-01
6.943000e+03 3.020000e-01
6.944000e+03 3.041000e-01
6.945000e+03 3.067000e-01
6.946000e+03 3.088000e-01
6.947000e+03 3.114000e-01
6.948000e+03 3.141000e-01
6.949000e+03 3.161000e-01
6.950000e+03 3.188000e-01
6.951000e+03 3.209000e-01
6.952000e+03 3.229000e-01
6.953000e+03 3.250000e-01
6.954000e+03 3.277000e-01
6.955000e+03 3.298000e-01
6.956000e+03 3.317000e-01
6.957000e+03 3.343000e-01
6.958000e+03 3.363000e-01
6.959000e+03 3.388000e-01
6.960000e+03 3.408000e-01
6.961000e+03 3.434000e-01
6.962000e+03 3.453000e-01
6.963000e+03 3.473000e-01
6.964000e+03 3.499000e-01
6.965000e+03 3.519000e-01
6.966000e+03 3.539000e-01
6.967000e+03 3.558000e-01
6.968000e+03 3.578000e-01
6.969000e+03 3.598000e-01
6.970000e+03 3.618000e-01
6.971000e+03 3.644000e-01
6.972000e+03 3.664000e-01
6.973000e+03 3.678000e-01
6.974000e+03 3.698000e-01
6.975000e+03 3.712000e-01
6.976000e+03 3.726000e-01
6.977000e+03 3.746000e-01
6.978000e+03 3.766000e-01
6.979000e+03 3.792000e-01
6.980000e+03 3.812000e-01
6.981000e+03 3.836000e-01
6.982000e+03 3.860000e-01
6.983000e+03 3.872000e-01
6.984000e+03 3.890000e-01
6.985000e+03 3.908000e-01
6.986000e+03 3.926000e-01
6.987000e+03 3.944000e-01
6.988000e+03 3.957000e-01
6.989000e+03 3.981000e-01
6.990000e+03 3.999000e-01
6.991000e+03 4.017000e-01
6.992000e+03 4.041000e-01
6.993000e+03 4.053000e-01
6.994000e+03 4.071000e-01
6.995000e+03 4.089000e-01
6.996000e+03 4.101000e-01
6.997000e+03 4.119000e-01
6.998000e+03 4.131000e-01
6.999000e+03 4.144000e-01
7.000000e+03 4.162000e-01
7.001000e+03 4.180000e-01
7.002000e+03 4.198000e-01
7.003000e+03 4.216000e-01
7.004000e+03 4.234000e-01
7.005000e+03 4.252000e-01
7.006000e+03 4.266000e-01
7.007000e+03 4.285000e-01
7.008000e+03 4.305000e-01
7.009000e+03 4.318000e-01
7.010000e+03 4.332000e-01
7.011000e+03 4.346000e-01
7.012000e+03 4.359000e-01
7.013000e+03 4.373000e-01
7.014000e+03 4.386000e-01
7.015000e+03 4.400000e-01
7.016000e+03 4.414000e-01
7.017000e+03 4.433000e-01
7.018000e+03 4.453000e-01
7.019000e+03 4.473000e-01
7.020000e+03 4.487000e-01
7.021000e+03 4.506000e-01
7.022000e+03 4.520000e-01
7.023000e+03 4.540000e-01
7.024000e+03 4.553000e-01
7.025000e+03 4.567000e-01
7.026000e+03 4.587000e-01
7.027000e+03 4.601000e-01
7.028000e+03 4.620000e-01
7.029000e+03 4.628000e-01
7.030000e+03 4.642000e-01
7.031000e+03 4.657000e-01
7.032000e+03 4.677000e-01
7.033000e+03 4.686000e-01
7.034000e+03 4.695000e-01
7.035000e+03 4.716000e-01
7.036000e+03 4.730000e-01
7.037000e+03 4.745000e-01
7.038000e+03 4.760000e-01
7.039000e+03 4.775000e-01
7.040000e+03 4.790000e-01
7.041000e+03 4.805000e-01
7.042000e+03 4.819000e-01
7.043000e+03 4.834000e-01
7.044000e+03 4.849000e-01
7.045000e+03 4.858000e-01
7.046000e+03 4.873000e-01
7.047000e+03 4.888000e-01
7.048000e+03 4.897000e-01
7.049000e+03 4.912000e-01
7.050000e+03 4.921000e-01
7.051000e+03 4.936000e-01
7.052000e+03 4.944000e-01
7.053000e+03 4.959000e-01
7.054000e+03 4.974000e-01
7.055000e+03 4.983000e-01
7.056000e+03 4.998000e-01
7.057000e+03 5.012000e-01
7.058000e+03 5.020000e-01
7.059000e+03 5.035000e-01
7.060000e+03 5.049000e-01
7.061000e+03 5.058000e-01
7.062000e+03 5.072000e-01
7.063000e+03 5.080000e-01
7.064000e+03 5.089000e-01
7.065000e+03 5.109000e-01
7.066000e+03 5.124000e-01
7.067000e+03 5.132000e-01
7.068000e+03 5.147000e-01
7.069000e+03 5.161000e-01
7.070000e+03 5.176000e-01
7.071000e+03 5.184000e-01
7.072000e+03 5.193000e-01
7.073000e+03 5.201000e-01
7.074000e+03 5.210000e-01
7.075000e+03 5.224000e-01
7.076000e+03 5.233000e-01
7.077000e+03 5.241000e-01
7.078000e+03 5.256000e-01
7.079000e+03 5.264000e-01
7.080000e+03 5.279000e-01
7.081000e+03 5.285000e-01
7.082000e+03 5.291000e-01
7.083000e+03 5.303000e-01
7.084000e+03 5.309000e-01
7.085000e+03 5.315000e-01
7.086000e+03 5.327000e-01
7.087000e+03 5.333000e-01
7.088000e+03 5.345000e-01
7.089000e+03 5.351000e-01
7.090000e+03 5.357000e-01
7.091000e+03 5.363000e-01
7.092000e+03 5.369000e-01
7.093000e+03 5.375000e-01
7.094000e+03 5.387000e-01
7.095000e+03 5.393000e-01
7.096000e+03 5.399000e-01
7.097000e+03 5.405000e-01
7.098000e+03 5.417000e-01
7.099000e+03 5.423000e-01
7.100000e+03 5.435000e-01
7.101000e+03 5.441000e-01
7.102000e+03 5.453000e-01
7.103000e+03 5.452000e-01
7.104000e+03 5.458000e-01
7.105000e+03 5.458000e-01
7.106000e+03 5.459000e-01
7.107000e+03 5.460000e-01
7.108000e+03 5.456000e-01
7.109000e+03 5.457000e-01
7.110000e+03 5.458000e-01
7.111000e+03 5.460000e-01
7.112000e+03 5.461000e-01
7.113000e+03 5.462000e-01
7.114000e+03 5.470000e-01
7.115000e+03 5.471000e-01
7.116000e+03 5.472000e-01
7.117000e+03 5.480000e-01
7.118000e+03 5.481000e-01
7.119000e+03 5.476000e-01
7.120000e+03 5.477000e-01
7.121000e+03 5.479000e-01
7.122000e+03 5.474000e-01
7.123000e+03 5.475000e-01
7.124000e+03 5.476000e-01
7.125000e+03 5.477000e-01
7.126000e+03 5.479000e-01
7.127000e+03 5.480000e-01
7.128000e+03 5.475000e-01
7.129000e+03 5.476000e-01
7.130000e+03 5.471000e-01
7.131000e+03 5.467000e-01
7.132000e+03 5.456000e-01
7.133000e+03 5.452000e-01
7.134000e+03 5.448000e-01
7.135000e+03 5.443000e-01
7.136000e+03 5.445000e-01
7.137000e+03 5.441000e-01
7.138000e+03 5.430000e-01
7.139000e+03 5.426000e-01
7.140000e+03 5.415000e-01
7.141000e+03 5.405000e-01
7.142000e+03 5.394000e-01
7.143000e+03 5.384000e-01
7.144000e+03 5.379000e-01
7.145000e+03 5.375000e-01
7.146000e+03 5.370000e-01
7.147000e+03 5.372000e-01
7.148000e+03 5.367000e-01
7.149000e+03 5.362000e-01
7.150000e+03 5.358000e-01
7.151000e+03 5.353000e-01
7.152000e+03 5.343000e-01
7.153000e+03 5.338000e-01
7.154000e+03 5.333000e-01
7.155000e+03 5.329000e-01
7.156000e+03 5.326000e-01
7.157000e+03 5.318000e-01
7.158000e+03 5.315000e-01
7.159000e+03 5.307000e-01
7.160000e+03 5.292000e-01
7.161000e+03 5.290000e-01
7.162000e+03 5.281000e-01
7.163000e+03 5.273000e-01
7.164000e+03 5.270000e-01
7.165000e+03 5.268000e-01
7.166000e+03 5.265000e-01
7.167000e+03 5.262000e-01
7.168000e+03 5.254000e-01
7.169000e+03 5.251000e-01
7.170000e+03 5.243000e-01
7.171000e+03 5.234000e-01
7.172000e+03 5.232000e-01
7.173000e+03 5.223000e-01
7.174000e+03 5.221000e-01
7.175000e+03 5.218000e-01
7.176000e+03 5.215000e-01
7.177000e+03 5.207000e-01
7.178000e+03 5.198000e-01
7.179000e+03 5.190000e-01
7.180000e+03 5.187000e-01
7.181000e+03 5.189000e-01
7.182000e+03 5.197000e-01
7.183000e+03 5.200000e-01
7.184000e+03 5.208000e-01
7.185000e+03 5.211000e-01
7.186000e+03 5.219000e-01
7.187000e+03 5.221000e-01
7.188000e+03 5.224000e-01
7.189000e+03 5.232000e-01
7.190000e+03 5.240000e-01
7.191000e+03 5.248000e-01
7.192000e+03 5.251000e-01
7.193000e+03 5.259000e-01
7.194000e+03 5.267000e-01
7.195000e+03 5.270000e-01
7.196000e+03 5.267000e-01
7.197000e+03 5.275000e-01
7.198000e+03 5.277000e-01
7.199000e+03 5.280000e-01
7.200000e+03 5.283000e-01
7.201000e+03 5.291000e-01
7.202000e+03 5.293000e-01
7.203000e+03 5.302000e-01
7.204000e+03 5.310000e-01
7.205000e+03 5.312000e-01
7.206000e+03 5.317000e-01
7.207000e+03 5.322000e-01
7.208000e+03 5.332000e-01
7.209000e+03 5.336000e-01
7.210000e+03 5.341000e-01
7.211000e+03 5.346000e-01
7.212000e+03 5.356000e-01
7.213000e+03 5.360000e-01
7.214000e+03 5.371000e-01
7.215000e+03 5.381000e-01
7.216000e+03 5.391000e-01
7.217000e+03 5.396000e-01
7.218000e+03 5.401000e-01
7.219000e+03 5.411000e-01
7.220000e+03 5.415000e-01
7.221000e+03 5.420000e-01
7.222000e+03 5.425000e-01
7.223000e+03 5.429000e-01
7.224000e+03 5.434000e-01
7.225000e+03 5.439000e-01
7.226000e+03 5.443000e-01
7.227000e+03 5.454000e-01
7.228000e+03 5.458000e-01
7.229000e+03 5.463000e-01
7.230000e+03 5.474000e-01
7.231000e+03 5.474000e-01
7.232000e+03 5.479000e-01
7.233000e+03 5.479000e-01
7.234000e+03 5.479000e-01
7.235000e+03 5.479000e-01
7.236000e+03 5.479000e-01
7.237000e+03 5.479000e-01
7.238000e+03 5.485000e-01
7.239000e+03 5.485000e-01
7.240000e+03 5.491000e-01
7.241000e+03 5.491000e-01
7.242000e+03 5.497000e-01
7.243000e+03 5.491000e-01
7.244000e+03 5.491000e-01
7.245000e+03 5.491000e-01
7.246000e+03 5.491000e-01
7.247000e+03 5.497000e-01
7.248000e+03 5.497000e-01
7.249000e+03 5.497000e-01
7.250000e+03 5.503000e-01
7.251000e+03 5.503000e-01
7.252000e+03 5.503000e-01
7.253000e+03 5.503000e-01
7.254000e+03 5.509000e-01
7.255000e+03 5.515000e-01
7.256000e+03 5.519000e-01
7.257000e+03 5.518000e-01
7.258000e+03 5.522000e-01
7.259000e+03 5.521000e-01
7.260000e+03 5.520000e-01
7.261000e+03 5.518000e-01
7.262000e+03 5.517000e-01
7.263000e+03 5.510000e-01
7.264000e+03 5.509000e-01
7.265000e+03 5.502000e-01
7.266000e+03 5.500000e-01
7.267000e+03 5.499000e-01
7.268000e+03 5.504000e-01
7.269000e+03 5.508000e-01
7.270000e+03 5.507000e-01
7.271000e+03 5.511000e-01
7.272000e+03 5.510000e-01
7.273000e+03 5.509000e-01
7.274000e+03 5.502000e-01
7.275000e+03 5.500000e-01
7.276000e+03 5.505000e-01
7.277000e+03 5.504000e-01
7.278000e+03 5.502000e-01
7.279000e+03 5.501000e-01
7.280000e+03 5.505000e-01
7.281000e+03 5.507000e-01
7.282000e+03 5.514000e-01
7.283000e+03 5.510000e-01
7.284000e+03 5.511000e-01
7.285000e+03 5.513000e-01
7.286000e+03 5.514000e-01
7.287000e+03 5.515000e-01
7.288000e+03 5.511000e-01
7.289000e+03 5.518000e-01
7.290000e+03 5.525000e-01
7.291000e+03 5.532000e-01
7.292000e+03 5.540000e-01
7.293000e+03 5.541000e-01
7.294000e+03 5.548000e-01
7.295000e+03 5.550000e-01
7.296000e+03 5.557000e-01
7.297000e+03 5.552000e-01
7.298000e+03 5.548000e-01
7.299000e+03 5.549000e-01
7.300000e+03 5.551000e-01
7.301000e+03 5.546000e-01
7.302000e+03 5.542000e-01
7.303000e+03 5.549000e-01
7.304000e+03 5.550000e-01
7.305000e+03 5.551000e-01
7.306000e+03 5.562000e-01
7.307000e+03 5.566000e-01
7.308000e+03 5.577000e-01
7.309000e+03 5.581000e-01
7.310000e+03 5.586000e-01
7.311000e+03 5.591000e-01
7.312000e+03 5.595000e-01
7.313000e+03 5.600000e-01
7.314000e+03 5.610000e-01
7.315000e+03 5.615000e-01
7.316000e+03 5.620000e-01
7.317000e+03 5.624000e-01
7.318000e+03 5.629000e-01
7.319000e+03 5.634000e-01
7.320000e+03 5.638000e-01
7.321000e+03 5.643000e-01
7.322000e+03 5.642000e-01
7.323000e+03 5.646000e-01
7.324000e+03 5.651000e-01
7.325000e+03 5.650000e-01
7.326000e+03 5.654000e-01
7.327000e+03 5.659000e-01
7.328000e+03 5.664000e-01
7.329000e+03 5.668000e-01
7.330000e+03 5.667000e-01
7.331000e+03 5.668000e-01
7.332000e+03 5.669000e-01
7.333000e+03 5.676000e-01
7.334000e+03 5.683000e-01
7.335000e+03 5.685000e-01
7.336000e+03 5.686000e-01
7.337000e+03 5.687000e-01
7.338000e+03 5.688000e-01
7.339000e+03 5.689000e-01
7.340000e+03 5.691000e-01
7.341000e+03 5.698000e-01
7.342000e+03 5.699000e-01
7.343000e+03 5.700000e-01
7.344000e+03 5.701000e-01
7.345000e+03 5.703000e-01
7.346000e+03 5.704000e-01
7.347000e+03 5.699000e-01
7.348000e+03 5.700000e-01
7.349000e+03 5.707000e-01
7.350000e+03 5.714000e-01
7.351000e+03 5.722000e-01
7.352000e+03 5.729000e-01
7.353000e+03 5.730000e-01
7.354000e+03 5.731000e-01
7.355000e+03 5.732000e-01
7.356000e+03 5.732000e-01
7.357000e+03 5.725000e-01
7.358000e+03 5.718000e-01
7.359000e+03 5.724000e-01
7.360000e+03 5.723000e-01
7.361000e+03 5.728000e-01
7.362000e+03 5.728000e-01
7.363000e+03 5.727000e-01
7.364000e+03 5.726000e-01
7.365000e+03 5.720000e-01
7.366000e+03 5.719000e-01
7.367000e+03 5.718000e-01
7.368000e+03 5.712000e-01
7.369000e+03 5.717000e-01
7.370000e+03 5.722000e-01
7.371000e+03 5.716000e-01
7.372000e+03 5.715000e-01
7.373000e+03 5.720000e-01
7.374000e+03 5.719000e-01
7.375000e+03 5.725000e-01
7.376000e+03 5.724000e-01
7.377000e+03 5.729000e-01
7.378000e+03 5.728000e-01
7.379000e+03 5.728000e-01
7.380000e+03 5.721000e-01
7.381000e+03 5.727000e-01
7.382000e+03 5.727000e-01
7.383000e+03 5.727000e-01
7.384000e+03 5.727000e-01
7.385000e+03 5.727000e-01
7.386000e+03 5.727000e-01
7.387000e+03 5.721000e-01
7.388000e+03 5.715000e-01
7.389000e+03 5.709000e-01
7.390000e+03 5.709000e-01
7.391000e+03 5.709000e-01
7.392000e+03 5.714000e-01
7.393000e+03 5.720000e-01
7.394000e+03 5.720000e-01
7.395000e+03 5.726000e-01
7.396000e+03 5.726000e-01
7.397000e+03 5.732000e-01
7.398000e+03 5.732000e-01
7.399000e+03 5.737000e-01
7.400000e+03 5.737000e-01
7.401000e+03 5.737000e-01
7.402000e+03 5.737000e-01
7.403000e+03 5.731000e-01
7.404000e+03 5.731000e-01
7.405000e+03 5.736000e-01
7.406000e+03 5.736000e-01
7.407000e+03 5.736000e-01
7.408000e+03 5.742000e-01
7.409000e+03 5.736000e-01
7.410000e+03 5.736000e-01
7.411000e+03 5.730000e-01
7.412000e+03 5.730000e-01
7.413000e+03 5.724000e-01
7.414000e+03 5.724000e-01
7.415000e+03 5.729000e-01
7.416000e+03 5.729000e-01
7.417000e+03 5.729000e-01
7.418000e+03 5.729000e-01
7.419000e+03 5.729000e-01
7.420000e+03 5.735000e-01
7.421000e+03 5.734000e-01
7.422000e+03 5.728000e-01
7.423000e+03 5.734000e-01
7.424000e+03 5.740000e-01
7.425000e+03 5.734000e-01
7.426000e+03 5.734000e-01
7.427000e+03 5.728000e-01
7.428000e+03 5.728000e-01
7.429000e+03 5.728000e-01
7.430000e+03 5.727000e-01
7.431000e+03 5.733000e-01
7.432000e+03 5.738000e-01
7.433000e+03 5.738000e-01
7.434000e+03 5.731000e-01
7.435000e+03 5.731000e-01
7.436000e+03 5.736000e-01
7.437000e+03 5.730000e-01
7.438000e+03 5.729000e-01
7.439000e+03 5.735000e-01
7.440000e+03 5.740000e-01
7.441000e+03 5.734000e-01
7.442000e+03 5.733000e-01
7.443000e+03 5.727000e-01
7.444000e+03 5.727000e-01
7.445000e+03 5.727000e-01
7.446000e+03 5.726000e-01
7.447000e+03 5.732000e-01
7.448000e+03 5.737000e-01
7.449000e+03 5.737000e-01
7.450000e+03 5.743000e-01
7.451000e+03 5.742000e-01
7.452000e+03 5.748000e-01
7.453000e+03 5.742000e-01
7.454000e+03 5.736000e-01
7.455000e+03 5.735000e-01
7.456000e+03 5.740000e-01
7.457000e+03 5.739000e-01
7.458000e+03 5.738000e-01
7.459000e+03 5.737000e-01
7.460000e+03 5.730000e-01
7.461000e+03 5.735000e-01
7.462000e+03 5.733000e-01
7.463000e+03 5.732000e-01
7.464000e+03 5.731000e-01
7.465000e+03 5.736000e-01
7.466000e+03 5.741000e-01
7.467000e+03 5.734000e-01
7.468000e+03 5.727000e-01
7.469000e+03 5.726000e-01
7.470000e+03 5.719000e-01
7.471000e+03 5.712000e-01
7.472000e+03 5.705000e-01
7.473000e+03 5.710000e-01
7.474000e+03 5.720000e-01
7.475000e+03 5.719000e-01
7.476000e+03 5.718000e-01
7.477000e+03 5.723000e-01
7.478000e+03 5.722000e-01
7.479000e+03 5.721000e-01
7.480000e+03 5.720000e-01
7.481000e+03 5.718000e-01
7.482000e+03 5.710000e-01
7.483000e+03 5.714000e-01
7.484000e+03 5.712000e-01
7.485000e+03 5.711000e-01
7.486000e+03 5.709000e-01
7.487000e+03 5.707000e-01
7.488000e+03 5.705000e-01
7.489000e+03 5.703000e-01
7.490000e+03 5.701000e-01
7.491000e+03 5.700000e-01
7.492000e+03 5.692000e-01
7.493000e+03 5.684000e-01
7.494000e+03 5.682000e-01
7.495000e+03 5.680000e-01
7.496000e+03 5.684000e-01
7.497000e+03 5.683000e-01
7.498000e+03 5.687000e-01
7.499000e+03 5.685000e-01
7.500000e+03 5.677000e-01
7.501000e+03 5.675000e-01
7.502000e+03 5.673000e-01
7.503000e+03 5.672000e-01
7.504000e+03 5.676000e-01
7.505000e+03 5.685000e-01
7.506000e+03 5.696000e-01
7.507000e+03 5.689000e-01
7.508000e+03 5.682000e-01
7.509000e+03 5.675000e-01
7.510000e+03 5.668000e-01
7.511000e+03 5.661000e-01
7.512000e+03 5.648000e-01
7.513000e+03 5.652000e-01
7.514000e+03 5.663000e-01
7.515000e+03 5.662000e-01
7.516000e+03 5.666000e-01
7.517000e+03 5.665000e-01
7.518000e+03 5.664000e-01
7.519000e+03 5.657000e-01
7.520000e+03 5.650000e-01
7.521000e+03 5.649000e-01
7.522000e+03 5.642000e-01
7.523000e+03 5.640000e-01
7.524000e+03 5.639000e-01
7.525000e+03 5.638000e-01
7.526000e+03 5.643000e-01
7.527000e+03 5.641000e-01
7.528000e+03 5.640000e-01
7.529000e+03 5.633000e-01
7.530000e+03 5.626000e-01
7.531000e+03 5.627000e-01
7.532000e+03 5.628000e-01
7.533000e+03 5.629000e-01
7.534000e+03 5.636000e-01
7.535000e+03 5.643000e-01
7.536000e+03 5.644000e-01
7.537000e+03 5.651000e-01
7.538000e+03 5.652000e-01
7.539000e+03 5.653000e-01
7.540000e+03 5.648000e-01
7.541000e+03 5.649000e-01
7.542000e+03 5.645000e-01
7.543000e+03 5.640000e-01
7.544000e+03 5.629000e-01
7.545000e+03 5.642000e-01
7.546000e+03 5.649000e-01
7.547000e+03 5.650000e-01
7.548000e+03 5.651000e-01
7.549000e+03 5.658000e-01
7.550000e+03 5.665000e-01
7.551000e+03 5.660000e-01
7.552000e+03 5.655000e-01
7.553000e+03 5.657000e-01
7.554000e+03 5.658000e-01
7.555000e+03 5.659000e-01
7.556000e+03 5.657000e-01
7.557000e+03 5.649000e-01
7.558000e+03 5.642000e-01
7.559000e+03 5.640000e-01
7.560000e+03 5.638000e-01
7.561000e+03 5.636000e-01
7.562000e+03 5.640000e-01
7.563000e+03 5.644000e-01
7.564000e+03 5.648000e-01
7.565000e+03 5.652000e-01
7.566000e+03 5.656000e-01
7.567000e+03 5.654000e-01
7.568000e+03 5.653000e-01
7.569000e+03 5.651000e-01
7.570000e+03 5.643000e-01
7.571000e+03 5.636000e-01
7.572000e+03 5.628000e-01
7.573000e+03 5.620000e-01
7.574000e+03 5.619000e-01
7.575000e+03 5.623000e-01
7.576000e+03 5.627000e-01
7.577000e+03 5.619000e-01
7.578000e+03 5.617000e-01
7.579000e+03 5.621000e-01
7.580000e+03 5.619000e-01
7.581000e+03 5.506000e-01
7.582000e+03 5.387000e-01
7.583000e+03 5.285000e-01
7.584000e+03 5.183000e-01
7.585000e+03 5.075000e-01
7.586000e+03 4.967000e-01
7.587000e+03 4.855000e-01
7.588000e+03 4.742000e-01
7.589000e+03 4.635000e-01
7.590000e+03 4.528000e-01
7.591000e+03 4.416000e-01
7.592000e+03 4.304000e-01
7.593000e+03 4.201000e-01
7.594000e+03 4.098000e-01
7.595000e+03 3.991000e-01
7.596000e+03 3.884000e-01
7.597000e+03 3.777000e-01
7.598000e+03 3.670000e-01
7.599000e+03 3.562000e-01
7.600000e+03 3.455000e-01
7.601000e+03 3.345000e-01
7.602000e+03 3.234000e-01
7.603000e+03 3.130000e-01
7.604000e+03 3.027000e-01
7.605000e+03 2.919000e-01
7.606000e+03 2.957000e-01
7.607000e+03 2.995000e-01
7.608000e+03 3.030000e-01
7.609000e+03 3.071000e-01
7.610000e+03 3.113000e-01
7.611000e+03 3.151000e-01
7.612000e+03 3.189000e-01
7.613000e+03 3.230000e-01
7.614000e+03 3.271000e-01
7.615000e+03 3.306000e-01
7.616000e+03 3.344000e-01
7.617000e+03 3.379000e-01
7.618000e+03 3.413000e-01
7.619000e+03 3.451000e-01
7.620000e+03 3.489000e-01
7.621000e+03 3.524000e-01
7.622000e+03 3.561000e-01
7.623000e+03 3.599000e-01
7.624000e+03 3.637000e-01
7.625000e+03 3.675000e-01
7.626000e+03 3.713000e-01
7.627000e+03 3.755000e-01
7.628000e+03 3.797000e-01
7.629000e+03 3.835000e-01
7.630000e+03 3.876000e-01
7.631000e+03 3.905000e-01
7.632000e+03 3.938000e-01
7.633000e+03 3.966000e-01
7.634000e+03 3.999000e-01
7.635000e+03 4.031000e-01
7.636000e+03 4.059000e-01
7.637000e+03 4.096000e-01
7.638000e+03 4.129000e-01
7.639000e+03 4.161000e-01
7.640000e+03 4.194000e-01
7.641000e+03 4.226000e-01
7.642000e+03 4.258000e-01
7.643000e+03 4.291000e-01
7.644000e+03 4.323000e-01
7.645000e+03 4.360000e-01
7.646000e+03 4.397000e-01
7.647000e+03 4.434000e-01
7.648000e+03 4.467000e-01
7.649000e+03 4.499000e-01
7.650000e+03 4.536000e-01
7.651000e+03 4.564000e-01
7.652000e+03 4.597000e-01
7.653000e+03 4.629000e-01
7.654000e+03 4.666000e-01
7.655000e+03 4.694000e-01
7.656000e+03 4.731000e-01
7.657000e+03 4.768000e-01
7.658000e+03 4.805000e-01
7.659000e+03 4.838000e-01
7.660000e+03 4.875000e-01
7.661000e+03 4.907000e-01
7.662000e+03 4.939000e-01
7.663000e+03 4.975000e-01
7.664000e+03 5.007000e-01
7.665000e+03 5.044000e-01
7.666000e+03 5.081000e-01
7.667000e+03 5.118000e-01
7.668000e+03 5.155000e-01
7.669000e+03 5.192000e-01
7.670000e+03 5.228000e-01
7.671000e+03 5.265000e-01
7.672000e+03 5.297000e-01
7.673000e+03 5.345000e-01
7.674000e+03 5.387000e-01
7.675000e+03 5.424000e-01
7.676000e+03 5.455000e-01
7.677000e+03 5.503000e-01
7.678000e+03 5.551000e-01
7.679000e+03 5.583000e-01
7.680000e+03 5.620000e-01
7.681000e+03 5.620000e-01
7.682000e+03 5.620000e-01
7.683000e+03 5.614000e-01
7.684000e+03 5.608000e-01
7.685000e+03 5.608000e-01
7.686000e+03 5.608000e-01
7.687000e+03 5.608000e-01
7.688000e+03 5.614000e-01
7.689000e+03 5.614000e-01
7.690000e+03 5.614000e-01
7.691000e+03 5.609000e-01
7.692000e+03 5.603000e-01
7.693000e+03 5.603000e-01
7.694000e+03 5.603000e-01
7.695000e+03 5.603000e-01
7.696000e+03 5.597000e-01
7.697000e+03 5.603000e-01
7.698000e+03 5.609000e-01
7.699000e+03 5.603000e-01
7.700000e+03 5.603000e-01
7.701000e+03 5.603000e-01
7.702000e+03 5.603000e-01
7.703000e+03 5.598000e-01
7.704000e+03 5.598000e-01
7.705000e+03 5.597000e-01
7.706000e+03 5.604000e-01
7.707000e+03 5.598000e-01
7.708000e+03 5.598000e-01
7.709000e+03 5.605000e-01
7.710000e+03 5.611000e-01
7.711000e+03 5.605000e-01
7.712000e+03 5.600000e-01
7.713000e+03 5.600000e-01
7.714000e+03 5.606000e-01
7.715000e+03 5.606000e-01
7.716000e+03 5.613000e-01
7.717000e+03 5.607000e-01
7.718000e+03 5.607000e-01
7.719000e+03 5.602000e-01
7.720000e+03 5.602000e-01
7.721000e+03 5.597000e-01
7.722000e+03 5.597000e-01
7.723000e+03 5.598000e-01
7.724000e+03 5.604000e-01
7.725000e+03 5.604000e-01
7.726000e+03 5.604000e-01
7.727000e+03 5.605000e-01
7.728000e+03 5.605000e-01
7.729000e+03 5.611000e-01
7.730000e+03 5.611000e-01
7.731000e+03 5.611000e-01
7.732000e+03 5.611000e-01
7.733000e+03 5.616000e-01
7.734000e+03 5.621000e-01
7.735000e+03 5.621000e-01
7.736000e+03 5.620000e-01
7.737000e+03 5.620000e-01
7.738000e+03 5.614000e-01
7.739000e+03 5.608000e-01
7.740000e+03 5.602000e-01
7.741000e+03 5.613000e-01
7.742000e+03 5.618000e-01
7.743000e+03 5.618000e-01
7.744000e+03 5.623000e-01
7.745000e+03 5.622000e-01
7.746000e+03 5.628000e-01
7.747000e+03 5.627000e-01
7.748000e+03 5.621000e-01
7.749000e+03 5.615000e-01
7.750000e+03 5.615000e-01
7.751000e+03 5.608000e-01
7.752000e+03 5.597000e-01
7.753000e+03 5.590000e-01
7.754000e+03 5.584000e-01
7.755000e+03 5.584000e-01
7.756000e+03 5.589000e-01
7.757000e+03 5.588000e-01
7.758000e+03 5.587000e-01
7.759000e+03 5.592000e-01
7.760000e+03 5.596000e-01
7.761000e+03 5.595000e-01
7.762000e+03 5.595000e-01
7.763000e+03 5.594000e-01
7.764000e+03 5.598000e-01
7.765000e+03 5.598000e-01
7.766000e+03 5.597000e-01
7.767000e+03 5.596000e-01
7.768000e+03 5.595000e-01
7.769000e+03 5.600000e-01
7.770000e+03 5.599000e-01
7.771000e+03 5.598000e-01
7.772000e+03 5.597000e-01
7.773000e+03 5.596000e-01
7.774000e+03 5.595000e-01
7.775000e+03 5.594000e-01
7.776000e+03 5.587000e-01
7.777000e+03 5.592000e-01
7.778000e+03 5.597000e-01
7.779000e+03 5.596000e-01
7.780000e+03 5.595000e-01
7.781000e+03 5.599000e-01
7.782000e+03 5.598000e-01
7.783000e+03 5.597000e-01
7.784000e+03 5.596000e-01
7.785000e+03 5.589000e-01
7.786000e+03 5.582000e-01
7.787000e+03 5.575000e-01
7.788000e+03 5.574000e-01
7.789000e+03 5.567000e-01
7.790000e+03 5.566000e-01
7.791000e+03 5.564000e-01
7.792000e+03 5.563000e-01
7.793000e+03 5.562000e-01
7.794000e+03 5.561000e-01
7.795000e+03 5.554000e-01
7.796000e+03 5.553000e-01
7.797000e+03 5.546000e-01
7.798000e+03 5.545000e-01
7.799000e+03 5.549000e-01
7.800000e+03 5.554000e-01
7.801000e+03 5.552000e-01
7.802000e+03 5.545000e-01
7.803000e+03 5.550000e-01
7.804000e+03 5.554000e-01
7.805000e+03 5.553000e-01
7.806000e+03 5.552000e-01
7.807000e+03 5.556000e-01
7.808000e+03 5.561000e-01
7.809000e+03 5.554000e-01
7.810000e+03 5.552000e-01
7.811000e+03 5.545000e-01
7.812000e+03 5.538000e-01
7.813000e+03 5.537000e-01
7.814000e+03 5.536000e-01
7.815000e+03 5.534000e-01
7.816000e+03 5.539000e-01
7.817000e+03 5.538000e-01
7.818000e+03 5.542000e-01
7.819000e+03 5.541000e-01
7.820000e+03 5.534000e-01
7.821000e+03 5.533000e-01
7.822000e+03 5.531000e-01
7.823000e+03 5.530000e-01
7.824000e+03 5.529000e-01
7.825000e+03 5.528000e-01
7.826000e+03 5.526000e-01
7.827000e+03 5.525000e-01
7.828000e+03 5.529000e-01
7.829000e+03 5.528000e-01
7.830000e+03 5.533000e-01
7.831000e+03 5.531000e-01
7.832000e+03 5.530000e-01
7.833000e+03 5.529000e-01
7.834000e+03 5.528000e-01
7.835000e+03 5.527000e-01
7.836000e+03 5.520000e-01
7.837000e+03 5.525000e-01
7.838000e+03 5.524000e-01
7.839000e+03 5.522000e-01
7.840000e+03 5.521000e-01
7.841000e+03 5.520000e-01
7.842000e+03 5.519000e-01
7.843000e+03 5.518000e-01
7.844000e+03 5.517000e-01
7.845000e+03 5.510000e-01
7.846000e+03 5.509000e-01
7.847000e+03 5.508000e-01
7.848000e+03 5.501000e-01
7.849000e+03 5.500000e-01
7.850000e+03 5.499000e-01
7.851000e+03 5.492000e-01
7.852000e+03 5.491000e-01
7.853000e+03 5.490000e-01
7.854000e+03 5.489000e-01
7.855000e+03 5.487000e-01
7.856000e+03 5.487000e-01
7.857000e+03 5.492000e-01
7.858000e+03 5.497000e-01
7.859000e+03 5.496000e-01
7.860000e+03 5.495000e-01
7.861000e+03 5.489000e-01
7.862000e+03 5.483000e-01
7.863000e+03 5.482000e-01
7.864000e+03 5.481000e-01
7.865000e+03 5.481000e-01
7.866000e+03 5.480000e-01
7.867000e+03 5.485000e-01
7.868000e+03 5.490000e-01
7.869000e+03 5.489000e-01
7.870000e+03 5.483000e-01
7.871000e+03 5.482000e-01
7.872000e+03 5.476000e-01
7.873000e+03 5.475000e-01
7.874000e+03 5.480000e-01
7.875000e+03 5.479000e-01
7.876000e+03 5.478000e-01
7.877000e+03 5.478000e-01
7.878000e+03 5.477000e-01
7.879000e+03 5.476000e-01
7.880000e+03 5.470000e-01
7.881000e+03 5.464000e-01
7.882000e+03 5.459000e-01
7.883000e+03 5.464000e-01
7.884000e+03 5.464000e-01
7.885000e+03 5.470000e-01
7.886000e+03 5.475000e-01
7.887000e+03 5.481000e-01
7.888000e+03 5.486000e-01
7.889000e+03 5.480000e-01
7.890000e+03 5.480000e-01
7.891000e+03 5.475000e-01
7.892000e+03 5.469000e-01
7.893000e+03 5.469000e-01
7.894000e+03 5.469000e-01
7.895000e+03 5.468000e-01
7.896000e+03 5.468000e-01
7.897000e+03 5.468000e-01
7.898000e+03 5.474000e-01
7.899000e+03 5.479000e-01
7.900000e+03 5.479000e-01
7.901000e+03 5.485000e-01
7.902000e+03 5.484000e-01
7.903000e+03 5.484000e-01
7.904000e+03 5.484000e-01
7.905000e+03 5.483000e-01
7.906000e+03 5.484000e-01
7.907000e+03 5.484000e-01
7.908000e+03 5.484000e-01
7.909000e+03 5.490000e-01
7.910000e+03 5.491000e-01
7.911000e+03 5.491000e-01
7.912000e+03 5.486000e-01
7.913000e+03 5.481000e-01
7.914000e+03 5.475000e-01
7.915000e+03 5.481000e-01
7.916000e+03 5.482000e-01
7.917000e+03 5.482000e-01
7.918000e+03 5.477000e-01
7.919000e+03 5.488000e-01
7.920000e+03 5.494000e-01
7.921000e+03 5.495000e-01
7.922000e+03 5.495000e-01
7.923000e+03 5.490000e-01
7.924000e+03 5.490000e-01
7.925000e+03 5.485000e-01
7.926000e+03 5.485000e-01
7.927000e+03 5.474000e-01
7.928000e+03 5.463000e-01
7.929000e+03 5.464000e-01
7.930000e+03 5.464000e-01
7.931000e+03 5.465000e-01
7.932000e+03 5.465000e-01
7.933000e+03 5.472000e-01
7.934000e+03 5.472000e-01
7.935000e+03 5.479000e-01
7.936000e+03 5.485000e-01
7.937000e+03 5.486000e-01
7.938000e+03 5.492000e-01
7.939000e+03 5.493000e-01
7.940000e+03 5.499000e-01
7.941000e+03 5.494000e-01
7.942000e+03 5.495000e-01
7.943000e+03 5.490000e-01
7.944000e+03 5.479000e-01
7.945000e+03 5.480000e-01
7.946000e+03 5.475000e-01
7.947000e+03 5.476000e-01
7.948000e+03 5.476000e-01
7.949000e+03 5.483000e-01
7.950000e+03 5.489000e-01
7.951000e+03 5.490000e-01
7.952000e+03 5.490000e-01
7.953000e+03 5.485000e-01
7.954000e+03 5.486000e-01
7.955000e+03 5.481000e-01
7.956000e+03 5.475000e-01
7.957000e+03 5.486000e-01
7.958000e+03 5.491000e-01
7.959000e+03 5.485000e-01
7.960000e+03 5.480000e-01
7.961000e+03 5.479000e-01
7.962000e+03 5.485000e-01
7.963000e+03 5.479000e-01
7.964000e+03 5.473000e-01
7.965000e+03 5.484000e-01
7.966000e+03 5.495000e-01
7.967000e+03 5.494000e-01
7.968000e+03 5.494000e-01
7.969000e+03 5.494000e-01
7.970000e+03 5.494000e-01
7.971000e+03 5.488000e-01
7.972000e+03 5.487000e-01
7.973000e+03 5.481000e-01
7.974000e+03 5.481000e-01
7.975000e+03 5.487000e-01
7.976000e+03 5.492000e-01
7.977000e+03 5.492000e-01
7.978000e+03 5.492000e-01
7.979000e+03 5.497000e-01
7.980000e+03 5.502000e-01
7.981000e+03 5.501000e-01
7.982000e+03 5.495000e-01
7.983000e+03 5.488000e-01
7.984000e+03 5.482000e-01
7.985000e+03 5.481000e-01
7.986000e+03 5.480000e-01
7.987000e+03 5.479000e-01
7.988000e+03 5.478000e-01
7.989000e+03 5.478000e-01
7.990000e+03 5.477000e-01
7.991000e+03 5.476000e-01
7.992000e+03 5.475000e-01
7.993000e+03 5.480000e-01
7.994000e+03 5.479000e-01
7.995000e+03 5.484000e-01
7.996000e+03 5.488000e-01
7.997000e+03 5.488000e-01
7.998000e+03 5.487000e-01
7.999000e+03 5.486000e-01
8.000000e+03 5.479000e-01
8.001000e+03 5.484000e-01
8.002000e+03 5.489000e-01
8.003000e+03 5.493000e-01
8.004000e+03 5.498000e-01
8.005000e+03 5.497000e-01
8.006000e+03 5.490000e-01
8.007000e+03 5.483000e-01
8.008000e+03 5.471000e-01
8.009000e+03 5.464000e-01
8.010000e+03 5.458000e-01
8.011000e+03 5.451000e-01
8.012000e+03 5.439000e-01
8.013000e+03 5.438000e-01
8.014000e+03 5.431000e-01
8.015000e+03 5.430000e-01
8.016000e+03 5.429000e-01
8.017000e+03 5.434000e-01
8.018000e+03 5.444000e-01
8.019000e+03 5.449000e-01
8.020000e+03 5.453000e-01
8.021000e+03 5.452000e-01
8.022000e+03 5.457000e-01
8.023000e+03 5.450000e-01
8.024000e+03 5.444000e-01
8.025000e+03 5.448000e-01
8.026000e+03 5.453000e-01
8.027000e+03 5.452000e-01
8.028000e+03 5.451000e-01
8.029000e+03 5.450000e-01
8.030000e+03 5.449000e-01
8.031000e+03 5.442000e-01
8.032000e+03 5.441000e-01
8.033000e+03 5.434000e-01
8.034000e+03 5.433000e-01
8.035000e+03 5.432000e-01
8.036000e+03 5.437000e-01
8.037000e+03 5.436000e-01
8.038000e+03 5.440000e-01
8.039000e+03 5.439000e-01
8.040000e+03 5.444000e-01
8.041000e+03 5.449000e-01
8.042000e+03 5.453000e-01
8.043000e+03 5.452000e-01
8.044000e+03 5.445000e-01
8.045000e+03 5.444000e-01
8.046000e+03 5.438000e-01
8.047000e+03 5.442000e-01
8.048000e+03 5.441000e-01
8.049000e+03 5.446000e-01
8.050000e+03 5.450000e-01
8.051000e+03 5.449000e-01
8.052000e+03 5.443000e-01
8.053000e+03 5.436000e-01
8.054000e+03 5.424000e-01
8.055000e+03 5.417000e-01
8.056000e+03 5.410000e-01
8.057000e+03 5.415000e-01
8.058000e+03 5.419000e-01
8.059000e+03 5.423000e-01
8.060000e+03 5.433000e-01
8.061000e+03 5.431000e-01
8.062000e+03 5.435000e-01
8.063000e+03 5.434000e-01
8.064000e+03 5.432000e-01
8.065000e+03 5.425000e-01
8.066000e+03 5.418000e-01
8.067000e+03 5.417000e-01
8.068000e+03 5.415000e-01
8.069000e+03 5.408000e-01
8.070000e+03 5.401000e-01
8.071000e+03 5.394000e-01
8.072000e+03 5.387000e-01
8.073000e+03 5.392000e-01
8.074000e+03 5.390000e-01
8.075000e+03 5.394000e-01
8.076000e+03 5.404000e-01
8.077000e+03 5.408000e-01
8.078000e+03 5.413000e-01
8.079000e+03 5.406000e-01
8.080000e+03 5.405000e-01
8.081000e+03 5.400000e-01
8.082000e+03 5.395000e-01
8.083000e+03 5.379000e-01
8.084000e+03 5.369000e-01
8.085000e+03 5.364000e-01
8.086000e+03 5.353000e-01
8.087000e+03 5.343000e-01
8.088000e+03 5.338000e-01
8.089000e+03 5.333000e-01
8.090000e+03 5.334000e-01
8.091000e+03 5.335000e-01
8.092000e+03 5.335000e-01
8.093000e+03 5.336000e-01
8.094000e+03 5.336000e-01
8.095000e+03 5.337000e-01
8.096000e+03 5.338000e-01
8.097000e+03 5.338000e-01
8.098000e+03 5.333000e-01
8.099000e+03 5.334000e-01
8.100000e+03 5.329000e-01
8.101000e+03 5.324000e-01
8.102000e+03 5.313000e-01
8.103000e+03 5.308000e-01
8.104000e+03 5.309000e-01
8.105000e+03 5.298000e-01
8.106000e+03 5.287000e-01
8.107000e+03 5.275000e-01
8.108000e+03 5.269000e-01
8.109000e+03 5.257000e-01
8.110000e+03 5.245000e-01
8.111000e+03 5.239000e-01
8.112000e+03 5.233000e-01
8.113000e+03 5.221000e-01
8.114000e+03 5.209000e-01
8.115000e+03 5.214000e-01
8.116000e+03 5.218000e-01
8.117000e+03 5.207000e-01
8.118000e+03 5.200000e-01
8.119000e+03 5.199000e-01
8.120000e+03 5.198000e-01
8.121000e+03 5.181000e-01
8.122000e+03 5.170000e-01
8.123000e+03 5.158000e-01
8.124000e+03 5.152000e-01
8.125000e+03 5.146000e-01
8.126000e+03 5.145000e-01
8.127000e+03 5.138000e-01
8.128000e+03 5.132000e-01
8.129000e+03 5.131000e-01
8.130000e+03 5.135000e-01
8.131000e+03 5.124000e-01
8.132000e+03 5.113000e-01
8.133000e+03 5.108000e-01
8.134000e+03 5.102000e-01
8.135000e+03 5.086000e-01
8.136000e+03 5.070000e-01
8.137000e+03 5.064000e-01
8.138000e+03 5.054000e-01
8.139000e+03 5.043000e-01
8.140000e+03 5.032000e-01
8.141000e+03 5.032000e-01
8.142000e+03 5.031000e-01
8.143000e+03 5.015000e-01
8.144000e+03 4.999000e-01
8.145000e+03 4.999000e-01
8.146000e+03 4.999000e-01
8.147000e+03 4.993000e-01
8.148000e+03 4.987000e-01
8.149000e+03 4.987000e-01
8.150000e+03 4.992000e-01
8.151000e+03 4.981000e-01
8.152000e+03 4.970000e-01
8.153000e+03 4.960000e-01
8.154000e+03 4.949000e-01
8.155000e+03 4.954000e-01
8.156000e+03 4.960000e-01
8.157000e+03 4.955000e-01
8.158000e+03 4.951000e-01
8.159000e+03 4.952000e-01
8.160000e+03 4.953000e-01
8.161000e+03 4.939000e-01
8.162000e+03 4.925000e-01
8.163000e+03 4.921000e-01
8.164000e+03 4.917000e-01
8.165000e+03 4.913000e-01
8.166000e+03 4.904000e-01
8.167000e+03 4.910000e-01
8.168000e+03 4.911000e-01
8.169000e+03 4.907000e-01
8.170000e+03 4.903000e-01
8.171000e+03 4.894000e-01
8.172000e+03 4.890000e-01
8.173000e+03 4.886000e-01
8.174000e+03 4.882000e-01
8.175000e+03 4.878000e-01
8.176000e+03 4.874000e-01
8.177000e+03 4.875000e-01
8.178000e+03 4.876000e-01
8.179000e+03 4.867000e-01
8.180000e+03 4.863000e-01
8.181000e+03 4.856000e-01
8.182000e+03 4.853000e-01
8.183000e+03 4.856000e-01
8.184000e+03 4.853000e-01
8.185000e+03 4.850000e-01
8.186000e+03 4.848000e-01
8.187000e+03 4.840000e-01
8.188000e+03 4.838000e-01
8.189000e+03 4.830000e-01
8.190000e+03 4.818000e-01
8.191000e+03 4.815000e-01
8.192000e+03 4.813000e-01
8.193000e+03 4.810000e-01
8.194000e+03 4.803000e-01
8.195000e+03 4.800000e-01
8.196000e+03 4.798000e-01
8.197000e+03 4.790000e-01
8.198000e+03 4.783000e-01
8.199000e+03 4.780000e-01
8.200000e+03 4.773000e-01
8.201000e+03 4.765000e-01
8.202000e+03 4.762000e-01
8.203000e+03 4.755000e-01
8.204000e+03 4.747000e-01
8.205000e+03 4.749000e-01
8.206000e+03 4.748000e-01
8.207000e+03 4.746000e-01
8.208000e+03 4.750000e-01
8.209000e+03 4.744000e-01
8.210000e+03 4.738000e-01
8.211000e+03 4.741000e-01
8.212000e+03 4.745000e-01
8.213000e+03 4.739000e-01
8.214000e+03 4.728000e-01
8.215000e+03 4.731000e-01
8.216000e+03 4.730000e-01
8.217000e+03 4.729000e-01
8.218000e+03 4.723000e-01
8.219000e+03 4.726000e-01
8.220000e+03 4.725000e-01
8.221000e+03 4.719000e-01
8.222000e+03 4.713000e-01
8.223000e+03 4.711000e-01
8.224000e+03 4.710000e-01
8.225000e+03 4.714000e-01
8.226000e+03 4.712000e-01
8.227000e+03 4.721000e-01
8.228000e+03 4.729000e-01
8.229000e+03 4.728000e-01
8.230000e+03 4.727000e-01
8.231000e+03 4.727000e-01
8.232000e+03 4.722000e-01
8.233000e+03 4.718000e-01
8.234000e+03 4.708000e-01
8.235000e+03 4.703000e-01
8.236000e+03 4.698000e-01
8.237000e+03 4.699000e-01
8.238000e+03 4.694000e-01
8.239000e+03 4.699000e-01
8.240000e+03 4.699000e-01
8.241000e+03 4.694000e-01
8.242000e+03 4.690000e-01
8.243000e+03 4.695000e-01
8.244000e+03 4.705000e-01
8.245000e+03 4.700000e-01
8.246000e+03 4.695000e-01
8.247000e+03 4.705000e-01
8.248000e+03 4.716000e-01
8.249000e+03 4.716000e-01
8.250000e+03 4.711000e-01
8.251000e+03 4.721000e-01
8.252000e+03 4.726000e-01
8.253000e+03 4.722000e-01
8.254000e+03 4.717000e-01
8.255000e+03 4.717000e-01
8.256000e+03 4.719000e-01
8.257000e+03 4.716000e-01
8.258000e+03 4.718000e-01
8.259000e+03 4.715000e-01
8.260000e+03 4.716000e-01
8.261000e+03 4.708000e-01
8.262000e+03 4.705000e-01
8.263000e+03 4.707000e-01
8.264000e+03 4.709000e-01
8.265000e+03 4.710000e-01
8.266000e+03 4.712000e-01
8.267000e+03 4.724000e-01
8.268000e+03 4.730000e-01
8.269000e+03 4.727000e-01
8.270000e+03 4.729000e-01
8.271000e+03 4.726000e-01
8.272000e+03 4.723000e-01
8.273000e+03 4.719000e-01
8.274000e+03 4.716000e-01
8.275000e+03 4.718000e-01
8.276000e+03 4.720000e-01
8.277000e+03 4.721000e-01
8.278000e+03 4.728000e-01
8.279000e+03 4.725000e-01
8.280000e+03 4.717000e-01
8.281000e+03 4.730000e-01
8.282000e+03 4.738000e-01
8.283000e+03 4.736000e-01
8.284000e+03 4.735000e-01
8.285000e+03 4.738000e-01
8.286000e+03 4.737000e-01
8.287000e+03 4.730000e-01
8.288000e+03 4.723000e-01
8.289000e+03 4.732000e-01
8.290000e+03 4.735000e-01
8.291000e+03 4.748000e-01
8.292000e+03 4.756000e-01
8.293000e+03 4.755000e-01
8.294000e+03 4.753000e-01
8.295000e+03 4.756000e-01
8.296000e+03 4.760000e-01
8.297000e+03 4.758000e-01
8.298000e+03 4.756000e-01
8.299000e+03 4.764000e-01
8.300000e+03 4.773000e-01
8.301000e+03 4.771000e-01
8.302000e+03 4.769000e-01
8.303000e+03 4.777000e-01
8.304000e+03 4.785000e-01
8.305000e+03 4.773000e-01
8.306000e+03 4.767000e-01
8.307000e+03 4.771000e-01
8.308000e+03 4.774000e-01
8.309000e+03 4.773000e-01
8.310000e+03 4.772000e-01
8.311000e+03 4.780000e-01
8.312000e+03 4.784000e-01
8.313000e+03 4.788000e-01
8.314000e+03 4.786000e-01
8.315000e+03 4.790000e-01
8.316000e+03 4.794000e-01
8.317000e+03 4.798000e-01
8.318000e+03 4.806000e-01
8.319000e+03 4.795000e-01
8.320000e+03 4.788000e-01
8.321000e+03 4.782000e-01
8.322000e+03 4.770000e-01
8.323000e+03 4.764000e-01
8.324000e+03 4.757000e-01
8.325000e+03 4.755000e-01
8.326000e+03 4.754000e-01
8.327000e+03 4.752000e-01
8.328000e+03 4.751000e-01
8.329000e+03 4.749000e-01
8.330000e+03 4.743000e-01
8.331000e+03 4.728000e-01
8.332000e+03 4.714000e-01
8.333000e+03 4.710000e-01
8.334000e+03 4.701000e-01
8.335000e+03 4.697000e-01
8.336000e+03 4.693000e-01
8.337000e+03 4.689000e-01
8.338000e+03 4.680000e-01
8.339000e+03 4.681000e-01
8.340000e+03 4.677000e-01
8.341000e+03 4.662000e-01
8.342000e+03 4.648000e-01
8.343000e+03 4.639000e-01
8.344000e+03 4.630000e-01
8.345000e+03 4.605000e-01
8.346000e+03 4.580000e-01
8.347000e+03 4.571000e-01
8.348000e+03 4.557000e-01
8.349000e+03 4.558000e-01
8.350000e+03 4.553000e-01
8.351000e+03 4.549000e-01
8.352000e+03 4.540000e-01
8.353000e+03 4.531000e-01
8.354000e+03 4.522000e-01
8.355000e+03 4.497000e-01
8.356000e+03 4.465000e-01
8.357000e+03 4.458000e-01
8.358000e+03 4.446000e-01
8.359000e+03 4.425000e-01
8.360000e+03 4.403000e-01
8.361000e+03 4.391000e-01
8.362000e+03 4.380000e-01
8.363000e+03 4.358000e-01
8.364000e+03 4.341000e-01
8.365000e+03 4.330000e-01
8.366000e+03 4.318000e-01
8.367000e+03 4.291000e-01
8.368000e+03 4.264000e-01
8.369000e+03 4.237000e-01
8.370000e+03 4.205000e-01
8.371000e+03 4.183000e-01
8.372000e+03 4.156000e-01
8.373000e+03 4.140000e-01
8.374000e+03 4.123000e-01
8.375000e+03 4.112000e-01
8.376000e+03 4.106000e-01
8.377000e+03 4.079000e-01
8.378000e+03 4.057000e-01
8.379000e+03 4.035000e-01
8.380000e+03 4.009000e-01
8.381000e+03 3.982000e-01
8.382000e+03 3.955000e-01
8.383000e+03 3.918000e-01
8.384000e+03 3.887000e-01
8.385000e+03 3.855000e-01
8.386000e+03 3.828000e-01
8.387000e+03 3.797000e-01
8.388000e+03 3.765000e-01
8.389000e+03 3.754000e-01
8.390000e+03 3.742000e-01
8.391000e+03 3.731000e-01
8.392000e+03 3.715000e-01
8.393000e+03 3.688000e-01
8.394000e+03 3.662000e-01
8.395000e+03 3.630000e-01
8.396000e+03 3.604000e-01
8.397000e+03 3.567000e-01
8.398000e+03 3.530000e-01
8.399000e+03 3.504000e-01
8.400000e+03 3.478000e-01
8.401000e+03 3.441000e-01
8.402000e+03 3.409000e-01
8.403000e+03 3.378000e-01
8.404000e+03 3.346000e-01
8.405000e+03 3.314000e-01
8.406000e+03 3.288000e-01
8.407000e+03 3.251000e-01
8.408000e+03 3.215000e-01
8.409000e+03 3.188000e-01
8.410000e+03 3.162000e-01
8.411000e+03 3.131000e-01
8.412000e+03 3.099000e-01
8.413000e+03 3.078000e-01
8.414000e+03 3.052000e-01
8.415000e+03 3.025000e-01
8.416000e+03 2.994000e-01
8.417000e+03 2.968000e-01
8.418000e+03 2.937000e-01
8.419000e+03 2.910000e-01
8.420000e+03 2.884000e-01
8.421000e+03 2.853000e-01
8.422000e+03 2.827000e-01
8.423000e+03 2.790000e-01
8.424000e+03 2.754000e-01
8.425000e+03 2.728000e-01
8.426000e+03 2.697000e-01
8.427000e+03 2.671000e-01
8.428000e+03 2.640000e-01
8.429000e+03 2.619000e-01
8.430000e+03 2.593000e-01
8.431000e+03 2.552000e-01
8.432000e+03 2.510000e-01
8.433000e+03 2.484000e-01
8.434000e+03 2.459000e-01
8.435000e+03 2.433000e-01
8.436000e+03 2.402000e-01
8.437000e+03 2.386000e-01
8.438000e+03 2.370000e-01
8.439000e+03 2.340000e-01
8.440000e+03 2.304000e-01
8.441000e+03 2.278000e-01
8.442000e+03 2.247000e-01
8.443000e+03 2.216000e-01
8.444000e+03 2.186000e-01
8.445000e+03 2.155000e-01
8.446000e+03 2.129000e-01
8.447000e+03 2.098000e-01
8.448000e+03 2.073000e-01
8.449000e+03 2.047000e-01
8.450000e+03 2.016000e-01
8.451000e+03 1.991000e-01
8.452000e+03 1.965000e-01
8.453000e+03 1.939000e-01
8.454000e+03 1.919000e-01
8.455000e+03 1.888000e-01
8.456000e+03 1.863000e-01
8.457000e+03 1.832000e-01
8.458000e+03 1.801000e-01
8.459000e+03 1.781000e-01
8.460000e+03 1.760000e-01
8.461000e+03 1.740000e-01
8.462000e+03 1.715000e-01
8.463000e+03 1.699000e-01
8.464000e+03 1.679000e-01
8.465000e+03 1.658000e-01
8.466000e+03 1.633000e-01
8.467000e+03 1.607000e-01
8.468000e+03 1.587000e-01
8.469000e+03 1.556000e-01
8.470000e+03 1.531000e-01
8.471000e+03 1.516000e-01
8.472000e+03 1.495000e-01
8.473000e+03 1.475000e-01
8.474000e+03 1.455000e-01
8.475000e+03 1.434000e-01
8.476000e+03 1.414000e-01
8.477000e+03 1.394000e-01
8.478000e+03 1.373000e-01
8.479000e+03 1.348000e-01
8.480000e+03 1.323000e-01
8.481000e+03 1.312000e-01
8.482000e+03 1.302000e-01
8.483000e+03 1.277000e-01
8.484000e+03 1.252000e-01
8.485000e+03 1.236000e-01
8.486000e+03 1.221000e-01
8.487000e+03 1.201000e-01
8.488000e+03 1.176000e-01
8.489000e+03 1.160000e-01
8.490000e+03 1.145000e-01
8.491000e+03 1.125000e-01
8.492000e+03 1.110000e-01
8.493000e+03 1.090000e-01
8.494000e+03 1.075000e-01
8.495000e+03 1.059000e-01
8.496000e+03 1.044000e-01
8.497000e+03 1.029000e-01
8.498000e+03 1.014000e-01
8.499000e+03 9.890000e-02
8.500000e+03 9.690000e-02
8.501000e+03 9.490000e-02
8.502000e+03 9.240000e-02
8.503000e+03 9.090000e-02
8.504000e+03 8.930000e-02
8.505000e+03 8.830000e-02
8.506000e+03 8.730000e-02
8.507000e+03 8.630000e-02
8.508000e+03 8.530000e-02
8.509000e+03 8.380000e-02
8.510000e+03 8.230000e-02
8.511000e+03 8.080000e-02
8.512000e+03 7.930000e-02
8.513000e+03 7.780000e-02
8.514000e+03 7.670000e-02
8.515000e+03 7.520000e-02
8.516000e+03 7.420000e-02
8.517000e+03 7.270000e-02
8.518000e+03 7.120000e-02
8.519000e+03 6.970000e-02
8.520000e+03 6.870000e-02
8.521000e+03 6.720000e-02
8.522000e+03 6.620000e-02
8.523000e+03 6.520000e-02
8.524000e+03 6.420000e-02
8.525000e+03 6.370000e-02
8.526000e+03 6.270000e-02
8.527000e+03 6.170000e-02
8.528000e+03 6.120000e-02
8.529000e+03 5.970000e-02
8.530000e+03 5.820000e-02
8.531000e+03 5.670000e-02
8.532000e+03 5.520000e-02
8.533000e+03 5.370000e-02
8.534000e+03 5.220000e-02
8.535000e+03 5.120000e-02
8.536000e+03 5.020000e-02
8.537000e+03 4.920000e-02
8.538000e+03 4.820000e-02
8.539000e+03 4.720000e-02
8.540000e+03 4.670000e-02
8.541000e+03 4.620000e-02
8.542000e+03 4.570000e-02
8.543000e+03 4.520000e-02
8.544000e+03 4.470000e-02
8.545000e+03 4.370000e-02
8.546000e+03 4.270000e-02
8.547000e+03 4.170000e-02
8.548000e+03 4.070000e-02
8.549000e+03 3.970000e-02
8.550000e+03 3.920000e-02
8.551000e+03 3.830000e-02
8.552000e+03 3.780000e-02
8.553000e+03 3.730000e-02
8.554000e+03 3.680000e-02
8.555000e+03 3.630000e-02
8.556000e+03 3.580000e-02
8.557000e+03 3.530000e-02
8.558000e+03 3.480000e-02
8.559000e+03 3.380000e-02
8.560000e+03 3.330000e-02
8.561000e+03 3.280000e-02
8.562000e+03 3.180000e-02
8.563000e+03 3.130000e-02
8.564000e+03 3.080000e-02
8.565000e+03 2.980000e-02
8.566000e+03 2.890000e-02
8.567000e+03 2.790000e-02
8.568000e+03 2.740000e-02
8.569000e+03 2.640000e-02
8.570000e+03 2.590000e-02
8.571000e+03 2.540000e-02
8.572000e+03 2.490000e-02
8.573000e+03 2.450000e-02
8.574000e+03 2.400000e-02
8.575000e+03 2.350000e-02
8.576000e+03 2.300000e-02
8.577000e+03 2.250000e-02
8.578000e+03 2.200000e-02
8.579000e+03 2.150000e-02
8.580000e+03 2.050000e-02
8.581000e+03 2.050000e-02
8.582000e+03 2.050000e-02
8.583000e+03 2.000000e-02
8.584000e+03 1.960000e-02
8.585000e+03 1.960000e-02
8.586000e+03 1.910000e-02
8.587000e+03 1.860000e-02
8.588000e+03 1.810000e-02
8.589000e+03 1.810000e-02
8.590000e+03 1.760000e-02
8.591000e+03 1.710000e-02
8.592000e+03 1.660000e-02
8.593000e+03 1.610000e-02
8.594000e+03 1.560000e-02
8.595000e+03 1.520000e-02
8.596000e+03 1.470000e-02
8.597000e+03 1.420000e-02
8.598000e+03 1.420000e-02
8.599000e+03 1.420000e-02
8.600000e+03 1.420000e-02
8.601000e+03 1.420000e-02
8.602000e+03 1.420000e-02
8.603000e+03 1.370000e-02
8.604000e+03 1.320000e-02
8.605000e+03 1.270000e-02
8.606000e+03 1.270000e-02
8.607000e+03 1.220000e-02
8.608000e+03 1.170000e-02
8.609000e+03 1.170000e-02
8.610000e+03 1.170000e-02
8.611000e+03 1.120000e-02
8.612000e+03 1.120000e-02
8.613000e+03 1.070000e-02
8.614000e+03 1.070000e-02
8.615000e+03 1.020000e-02
8.616000e+03 1.020000e-02
8.617000e+03 9.700000e-03
8.618000e+03 9.700000e-03
8.619000e+03 9.300000e-03
8.620000e+03 9.200000e-03
8.621000e+03 9.200000e-03
8.622000e+03 8.800000e-03
8.623000e+03 8.800000e-03
8.624000e+03 8.800000e-03
8.625000e+03 8.700000e-03
8.626000e+03 8.300000e-03
8.627000e+03 8.300000e-03
8.628000e+03 8.300000e-03
8.629000e+03 7.800000e-03
8.630000e+03 7.300000e-03
8.631000e+03 7.300000e-03
8.632000e+03 7.300000e-03
8.633000e+03 6.800000e-03
8.634000e+03 6.800000e-03
8.635000e+03 6.800000e-03
8.636000e+03 6.800000e-03
8.637000e+03 6.300000e-03
8.638000e+03 6.300000e-03
8.639000e+03 6.300000e-03
8.640000e+03 6.300000e-03
8.641000e+03 5.800000e-03
8.642000e+03 5.800000e-03
8.643000e+03 5.800000e-03
8.644000e+03 5.800000e-03
8.645000e+03 5.800000e-03
8.646000e+03 5.800000e-03
8.647000e+03 5.300000e-03
8.648000e+03 5.300000e-03
8.649000e+03 4.800000e-03
8.650000e+03 4.800000e-03
8.651000e+03 4.300000e-03
8.652000e+03 4.300000e-03
8.653000e+03 4.300000e-03
8.654000e+03 3.900000e-03
8.655000e+03 3.900000e-03
8.656000e+03 3.400000e-03
8.657000e+03 3.400000e-03
8.658000e+03 3.400000e-03
8.659000e+03 3.800000e-03
8.660000e+03 3.800000e-03
8.661000e+03 3.800000e-03
8.662000e+03 3.800000e-03
8.663000e+03 3.400000e-03
8.664000e+03 3.400000e-03
8.665000e+03 3.400000e-03
8.666000e+03 3.400000e-03
8.667000e+03 3.400000e-03
8.668000e+03 3.400000e-03
8.669000e+03 2.900000e-03
8.670000e+03 2.900000e-03
8.671000e+03 2.900000e-03
8.672000e+03 2.900000e-03
8.673000e+03 2.900000e-03
8.674000e+03 2.900000e-03
8.675000e+03 2.900000e-03
8.676000e+03 2.900000e-03
8.677000e+03 2.400000e-03
8.678000e+03 2.400000e-03
8.679000e+03 1.900000e-03
8.680000e+03 1.900000e-03
8.681000e+03 1.900000e-03
8.682000e+03 1.900000e-03
8.683000e+03 1.900000e-03
8.684000e+03 1.400000e-03
8.685000e+03 1.400000e-03
8.686000e+03 1.400000e-03
8.687000e+03 1.400000e-03
8.688000e+03 1.900000e-03
8.689000e+03 1.900000e-03
8.690000e+03 2.400000e-03
8.691000e+03 2.400000e-03
8.692000e+03 2.400000e-03
8.693000e+03 2.400000e-03
8.694000e+03 1.900000e-03
8.695000e+03 1.400000e-03
8.696000e+03 9.000000e-04
8.697000e+03 1.400000e-03
8.698000e+03 1.900000e-03
8.699000e+03 1.900000e-03
8.700000e+03 1.900000e-03
8.701000e+03 2.400000e-03
8.702000e+03 2.400000e-03
8.703000e+03 1.900000e-03
8.704000e+03 1.900000e-03
8.705000e+03 1.400000e-03
8.706000e+03 1.400000e-03
8.707000e+03 1.400000e-03
8.708000e+03 1.400000e-03
8.709000e+03 9.000000e-04
8.710000e+03 5.000000e-04
8.711000e+03 9.000000e-04
8.712000e+03 1.400000e-03
8.713000e+03 1.400000e-03
8.714000e+03 1.400000e-03
8.715000e+03 1.400000e-03
8.716000e+03 1.400000e-03
8.717000e+03 1.400000e-03
8.718000e+03 9.000000e-04
8.719000e+03 9.000000e-04
8.720000e+03 9.000000e-04
8.721000e+03 9.000000e-04
8.722000e+03 9.000000e-04
8.723000e+03 5.000000e-04
