# JPLUS_uJAVA
# vendored from SVO FPS 'OAJ/JPLUS.uJAVA', 2026-07-04
# columns: wavelength_Angstrom throughput
3.136000e+03 1.000000e-04
3.137000e+03 1.000000e-04
3.138000e+03 1.000000e-04
3.139000e+03 1.000000e-04
3.140000e+03 1.000000e-04
3.141000e+03 1.000000e-04
3.142000e+03 1.000000e-04
3.143000e+03 1.000000e-04
3.144000e+03 1.000000e-04
3.145000e+03 1.000000e-04
3.146000e+03 1.000000e-04
3.147000e+03 1.000000e-04
3.148000e+03 1.000000e-04
3.149000e+03 1.000000e-04
3.150000e+03 1.000000e-04
3.151000e+03 1.000000e-04
3.152000e+03 1.000000e-04
3.153000e+03 1.000000e-04
3.154000e+03 1.000000e-04
3.155000e+03 1.000000e-04
3.156000e+03 1.000000e-04
3.157000e+03 1.000000e-04
3.158000e+03 1.000000e-04
3.159000e+03 1.000000e-04
3.160000e+03 1.000000e-04
3.161000e+03 1.000000e-04
3.162000e+03 1.000000e-04
3.163000e+03 1.000000e-04
3.164000e+03 1.000000e-04
3.165000e+03 1.000000e-04
3.166000e+03 1.000000e-04
3.167000e+03 1.000000e-04
3.168000e+03 1.000000e-04
3.169000e+03 1.000000e-04
3.170000e+03 1.000000e-04
3.171000e+03 1.000000e-04
3.172000e+03 1.000000e-04
3.173000e+03 1.000000e-04
3.174000e+03 1.000000e-04
3.175000e+03 1.000000e-04
3.176000e+03 1.000000e-04
3.177000e+03 1.000000e-04
3.178000e+03 1.000000e-04
3.179000e+03 1.000000e-04
3.180000e+03 1.000000e-04
3.181000e+03 2.000000e-04
3.182000e+03 2.000000e-04
3.183000e+03 2.000000e-04
3.184000e+03 2.000000e-04
3.185000e+03 3.000000e-04
3.186000e+03 3.000000e-04
3.187000e+03 3.000000e-04
3.188000e+03 4.000000e-04
3.189000e+03 4.000000e-04
3.190000e+03 5.000000e-04
3.191000e+03 5.000000e-04
3.192000e+03 5.000000e-04
3.193000e+03 6.000000e-04
3.194000e+03 8.000000e-04
3.195000e+03 9.000000e-04
3.196000e+03 1.000000e-03
3.197000e+03 1.200000e-03
3.198000e+03 1.400000e-03
3.199000e+03 1.700000e-03
3.200000e+03 1.900000e-03
3.201000e+03 2.300000e-03
3.202000e+03 2.600000e-03
3.203000e+03 3.100000e-03
3.204000e+03 3.600000e-03
3.205000e+03 4.200000e-03
3.206000e+03 4.800000e-03
3.207000e+03 5.500000e-03
3.208000e+03 6.300000e-03
3.209000e+03 7.100000e-03
3.210000e+03 8.000000e-03
3.211000e+03 9.000000e-03
3.212000e+03 1.000000e-02
3.213000e+03 1.110000e-02
3.214000e+03 1.230000e-02
3.215000e+03 1.340000e-02
3.216000e+03 1.460000e-02
3.217000e+03 1.590000e-02
3.218000e+03 1.730000e-02
3.219000e+03 1.870000e-02
3.220000e+03 2.010000e-02
3.221000e+03 2.160000e-02
3.222000e+03 2.320000e-02
3.223000e+03 2.470000e-02
3.224000e+03 2.640000e-02
3.225000e+03 2.800000e-02
3.226000e+03 2.970000e-02
3.227000e+03 3.130000e-02
3.228000e+03 3.300000e-02
3.229000e+03 3.470000e-02
3.230000e+03 3.650000e-02
3.231000e+03 3.810000e-02
3.232000e+03 3.990000e-02
3.233000e+03 4.150000e-02
3.234000e+03 4.290000e-02
3.235000e+03 4.440000e-02
3.236000e+03 4.580000e-02
3.237000e+03 4.720000e-02
3.238000e+03 4.840000e-02
3.239000e+03 4.950000e-02
3.240000e+03 5.050000e-02
3.241000e+03 5.160000e-02
3.242000e+03 5.240000e-02
3.243000e+03 5.310000e-02
3.244000e+03 5.380000e-02
3.245000e+03 5.460000e-02
3.246000e+03 5.510000e-02
3.247000e+03 5.550000e-02
3.248000e+03 5.590000e-02
3.249000e+03 5.630000e-02
3.250000e+03 5.650000e-02
3.251000e+03 5.660000e-02
3.252000e+03 5.670000e-02
3.253000e+03 5.670000e-02
3.254000e+03 5.680000e-02
3.255000e+03 5.680000e-02
3.256000e+03 5.680000e-02
3.257000e+03 5.680000e-02
3.258000e+03 5.680000e-02
3.259000e+03 5.680000e-02
3.260000e+03 5.690000e-02
3.261000e+03 5.710000e-02
3.262000e+03 5.740000e-02
3.263000e+03 5.780000e-02
3.264000e+03 5.840000e-02
3.265000e+03 5.890000e-02
3.266000e+03 5.950000e-02
3.267000e+03 6.010000e-02
3.268000e+03 6.070000e-02
3.269000e+03 6.110000e-02
3.270000e+03 6.180000e-02
3.271000e+03 6.220000e-02
3.272000e+03 6.270000e-02
3.273000e+03 6.320000e-02
3.274000e+03 6.390000e-02
3.275000e+03 6.430000e-02
3.276000e+03 6.490000e-02
3.277000e+03 6.510000e-02
3.278000e+03 6.540000e-02
3.279000e+03 6.570000e-02
3.280000e+03 6.600000e-02
3.281000e+03 6.620000e-02
3.282000e+03 6.640000e-02
3.283000e+03 6.660000e-02
3.284000e+03 6.690000e-02
3.285000e+03 6.720000e-02
3.286000e+03 6.740000e-02
3.287000e+03 6.780000e-02
3.288000e+03 6.810000e-02
3.289000e+03 6.830000e-02
3.290000e+03 6.850000e-02
3.291000e+03 6.880000e-02
3.292000e+03 6.910000e-02
3.293000e+03 6.930000e-02
3.294000e+03 6.960000e-02
3.295000e+03 7.000000e-02
3.296000e+03 7.030000e-02
3.297000e+03 7.070000e-02
3.298000e+03 7.100000e-02
3.299000e+03 7.140000e-02
3.300000e+03 7.180000e-02
3.301000e+03 7.230000e-02
3.302000e+03 7.250000e-02
3.303000e+03 7.270000e-02
3.304000e+03 7.310000e-02
3.305000e+03 7.340000e-02
3.306000e+03 7.370000e-02
3.307000e+03 7.390000e-02
3.308000e+03 7.420000e-02
3.309000e+03 7.440000e-02
3.310000e+03 7.480000e-02
3.311000e+03 7.480000e-02
3.312000e+03 7.480000e-02
3.313000e+03 7.490000e-02
3.314000e+03 7.500000e-02
3.315000e+03 7.500000e-02
3.316000e+03 7.520000e-02
3.317000e+03 7.510000e-02
3.318000e+03 7.550000e-02
3.319000e+03 7.560000e-02
3.320000e+03 7.580000e-02
3.321000e+03 7.610000e-02
3.322000e+03 7.660000e-02
3.323000e+03 7.680000e-02
3.324000e+03 7.740000e-02
3.325000e+03 7.780000e-02
3.326000e+03 7.840000e-02
3.327000e+03 7.890000e-02
3.328000e+03 7.950000e-02
3.329000e+03 7.990000e-02
3.330000e+03 8.050000e-02
3.331000e+03 8.110000e-02
3.332000e+03 8.160000e-02
3.333000e+03 8.210000e-02
3.334000e+03 8.260000e-02
3.335000e+03 8.290000e-02
3.336000e+03 8.340000e-02
3.337000e+03 8.350000e-02
3.338000e+03 8.380000e-02
3.339000e+03 8.400000e-02
3.340000e+03 8.440000e-02
3.341000e+03 8.470000e-02
3.342000e+03 8.500000e-02
3.343000e+03 8.540000e-02
3.344000e+03 8.560000e-02
3.345000e+03 8.570000e-02
3.346000e+03 8.580000e-02
3.347000e+03 8.580000e-02
3.348000e+03 8.590000e-02
3.349000e+03 8.610000e-02
3.350000e+03 8.620000e-02
3.351000e+03 8.630000e-02
3.352000e+03 8.640000e-02
3.353000e+03 8.660000e-02
3.354000e+03 8.680000e-02
3.355000e+03 8.700000e-02
3.356000e+03 8.720000e-02
3.357000e+03 8.740000e-02
3.358000e+03 8.760000e-02
3.359000e+03 8.790000e-02
3.360000e+03 8.830000e-02
3.361000e+03 8.850000e-02
3.362000e+03 8.910000e-02
3.363000e+03 8.950000e-02
3.364000e+03 8.970000e-02
3.365000e+03 9.010000e-02
3.366000e+03 9.050000e-02
3.367000e+03 9.090000e-02
3.368000e+03 9.110000e-02
3.369000e+03 9.170000e-02
3.370000e+03 9.220000e-02
3.371000e+03 9.240000e-02
3.372000e+03 9.280000e-02
3.373000e+03 9.320000e-02
3.374000e+03 9.340000e-02
3.375000e+03 9.360000e-02
3.376000e+03 9.380000e-02
3.377000e+03 9.400000e-02
3.378000e+03 9.420000e-02
3.379000e+03 9.430000e-02
3.380000e+03 9.430000e-02
3.381000e+03 9.450000e-02
3.382000e+03 9.460000e-02
3.383000e+03 9.460000e-02
3.384000e+03 9.470000e-02
3.385000e+03 9.470000e-02
3.386000e+03 9.470000e-02
3.387000e+03 9.490000e-02
3.388000e+03 9.490000e-02
3.389000e+03 9.510000e-02
3.390000e+03 9.560000e-02
3.391000e+03 9.590000e-02
3.392000e+03 9.630000e-02
3.393000e+03 9.660000e-02
3.394000e+03 9.700000e-02
3.395000e+03 9.730000e-02
3.396000e+03 9.770000e-02
3.397000e+03 9.800000e-02
3.398000e+03 9.830000e-02
3.399000e+03 9.880000e-02
3.400000e+03 9.920000e-02
3.401000e+03 9.970000e-02
3.402000e+03 1.002000e-01
3.403000e+03 1.004000e-01
3.404000e+03 1.008000e-01
3.405000e+03 1.010000e-01
3.406000e+03 1.010000e-01
3.407000e+03 1.014000e-01
3.408000e+03 1.016000e-01
3.409000e+03 1.019000e-01
3.410000e+03 1.021000e-01
3.411000e+03 1.024000e-01
3.412000e+03 1.026000e-01
3.413000e+03 1.030000e-01
3.414000e+03 1.030000e-01
3.415000e+03 1.034000e-01
3.416000e+03 1.037000e-01
3.417000e+03 1.040000e-01
3.418000e+03 1.044000e-01
3.419000e+03 1.047000e-01
3.420000e+03 1.051000e-01
3.421000e+03 1.054000e-01
3.422000e+03 1.056000e-01
3.423000e+03 1.060000e-01
3.424000e+03 1.062000e-01
3.425000e+03 1.064000e-01
3.426000e+03 1.064000e-01
3.427000e+03 1.068000e-01
3.428000e+03 1.070000e-01
3.429000e+03 1.072000e-01
3.430000e+03 1.074000e-01
3.431000e+03 1.076000e-01
3.432000e+03 1.077000e-01
3.433000e+03 1.077000e-01
3.434000e+03 1.078000e-01
3.435000e+03 1.079000e-01
3.436000e+03 1.079000e-01
3.437000e+03 1.080000e-01
3.438000e+03 1.079000e-01
3.439000e+03 1.076000e-01
3.440000e+03 1.075000e-01
3.441000e+03 1.074000e-01
3.442000e+03 1.072000e-01
3.443000e+03 1.069000e-01
3.444000e+03 1.068000e-01
3.445000e+03 1.065000e-01
3.446000e+03 1.064000e-01
3.447000e+03 1.063000e-01
3.448000e+03 1.065000e-01
3.449000e+03 1.068000e-01
3.450000e+03 1.071000e-01
3.451000e+03 1.075000e-01
3.452000e+03 1.081000e-01
3.453000e+03 1.088000e-01
3.454000e+03 1.093000e-01
3.455000e+03 1.099000e-01
3.456000e+03 1.108000e-01
3.457000e+03 1.117000e-01
3.458000e+03 1.127000e-01
3.459000e+03 1.136000e-01
3.460000e+03 1.146000e-01
3.461000e+03 1.153000e-01
3.462000e+03 1.161000e-01
3.463000e+03 1.167000e-01
3.464000e+03 1.175000e-01
3.465000e+03 1.178000e-01
3.466000e+03 1.184000e-01
3.467000e+03 1.187000e-01
3.468000e+03 1.188000e-01
3.469000e+03 1.190000e-01
3.470000e+03 1.193000e-01
3.471000e+03 1.194000e-01
3.472000e+03 1.197000e-01
3.473000e+03 1.198000e-01
3.474000e+03 1.201000e-01
3.475000e+03 1.202000e-01
3.476000e+03 1.205000e-01
3.477000e+03 1.209000e-01
3.478000e+03 1.212000e-01
3.479000e+03 1.215000e-01
3.480000e+03 1.222000e-01
3.481000e+03 1.225000e-01
3.482000e+03 1.228000e-01
3.483000e+03 1.234000e-01
3.484000e+03 1.239000e-01
3.485000e+03 1.244000e-01
3.486000e+03 1.251000e-01
3.487000e+03 1.255000e-01
3.488000e+03 1.260000e-01
3.489000e+03 1.263000e-01
3.490000e+03 1.268000e-01
3.491000e+03 1.270000e-01
3.492000e+03 1.271000e-01
3.493000e+03 1.274000e-01
3.494000e+03 1.277000e-01
3.495000e+03 1.278000e-01
3.496000e+03 1.282000e-01
3.497000e+03 1.283000e-01
3.498000e+03 1.286000e-01
3.499000e+03 1.289000e-01
3.500000e+03 1.292000e-01
3.501000e+03 1.295000e-01
3.502000e+03 1.298000e-01
3.503000e+03 1.301000e-01
3.504000e+03 1.304000e-01
3.505000e+03 1.305000e-01
3.506000e+03 1.308000e-01
3.507000e+03 1.310000e-01
3.508000e+03 1.313000e-01
3.509000e+03 1.315000e-01
3.510000e+03 1.316000e-01
3.511000e+03 1.317000e-01
3.512000e+03 1.321000e-01
3.513000e+03 1.324000e-01
3.514000e+03 1.328000e-01
3.515000e+03 1.331000e-01
3.516000e+03 1.335000e-01
3.517000e+03 1.338000e-01
3.518000e+03 1.341000e-01
3.519000e+03 1.343000e-01
3.520000e+03 1.348000e-01
3.521000e+03 1.350000e-01
3.522000e+03 1.357000e-01
3.523000e+03 1.361000e-01
3.524000e+03 1.366000e-01
3.525000e+03 1.371000e-01
3.526000e+03 1.375000e-01
3.527000e+03 1.378000e-01
3.528000e+03 1.380000e-01
3.529000e+03 1.383000e-01
3.530000e+03 1.384000e-01
3.531000e+03 1.386000e-01
3.532000e+03 1.389000e-01
3.533000e+03 1.389000e-01
3.534000e+03 1.389000e-01
3.535000e+03 1.392000e-01
3.536000e+03 1.392000e-01
3.537000e+03 1.394000e-01
3.538000e+03 1.397000e-01
3.539000e+03 1.399000e-01
3.540000e+03 1.403000e-01
3.541000e+03 1.406000e-01
3.542000e+03 1.410000e-01
3.543000e+03 1.415000e-01
3.544000e+03 1.417000e-01
3.545000e+03 1.421000e-01
3.546000e+03 1.424000e-01
3.547000e+03 1.426000e-01
3.548000e+03 1.427000e-01
3.549000e+03 1.429000e-01
3.550000e+03 1.429000e-01
3.551000e+03 1.430000e-01
3.552000e+03 1.428000e-01
3.553000e+03 1.427000e-01
3.554000e+03 1.425000e-01
3.555000e+03 1.423000e-01
3.556000e+03 1.424000e-01
3.557000e+03 1.422000e-01
3.558000e+03 1.422000e-01
3.559000e+03 1.422000e-01
3.560000e+03 1.422000e-01
3.561000e+03 1.425000e-01
3.562000e+03 1.427000e-01
3.563000e+03 1.429000e-01
3.564000e+03 1.433000e-01
3.565000e+03 1.438000e-01
3.566000e+03 1.446000e-01
3.567000e+03 1.455000e-01
3.568000e+03 1.463000e-01
3.569000e+03 1.476000e-01
3.570000e+03 1.484000e-01
3.571000e+03 1.491000e-01
3.572000e+03 1.499000e-01
3.573000e+03 1.508000e-01
3.574000e+03 1.512000e-01
3.575000e+03 1.517000e-01
3.576000e+03 1.523000e-01
3.577000e+03 1.526000e-01
3.578000e+03 1.530000e-01
3.579000e+03 1.533000e-01
3.580000e+03 1.535000e-01
3.581000e+03 1.537000e-01
3.582000e+03 1.540000e-01
3.583000e+03 1.542000e-01
3.584000e+03 1.542000e-01
3.585000e+03 1.547000e-01
3.586000e+03 1.549000e-01
3.587000e+03 1.552000e-01
3.588000e+03 1.556000e-01
3.589000e+03 1.561000e-01
3.590000e+03 1.566000e-01
3.591000e+03 1.568000e-01
3.592000e+03 1.573000e-01
3.593000e+03 1.577000e-01
3.594000e+03 1.582000e-01
3.595000e+03 1.584000e-01
3.596000e+03 1.587000e-01
3.597000e+03 1.589000e-01
3.598000e+03 1.590000e-01
3.599000e+03 1.592000e-01
3.600000e+03 1.594000e-01
3.601000e+03 1.596000e-01
3.602000e+03 1.601000e-01
3.603000e+03 1.602000e-01
3.604000e+03 1.603000e-01
3.605000e+03 1.604000e-01
3.606000e+03 1.608000e-01
3.607000e+03 1.611000e-01
3.608000e+03 1.617000e-01
3.609000e+03 1.618000e-01
3.610000e+03 1.624000e-01
3.611000e+03 1.625000e-01
3.612000e+03 1.626000e-01
3.613000e+03 1.629000e-01
3.614000e+03 1.633000e-01
3.615000e+03 1.634000e-01
3.616000e+03 1.633000e-01
3.617000e+03 1.634000e-01
3.618000e+03 1.638000e-01
3.619000e+03 1.637000e-01
3.620000e+03 1.635000e-01
3.621000e+03 1.634000e-01
3.622000e+03 1.633000e-01
3.623000e+03 1.630000e-01
3.624000e+03 1.631000e-01
3.625000e+03 1.634000e-01
3.626000e+03 1.635000e-01
3.627000e+03 1.636000e-01
3.628000e+03 1.640000e-01
3.629000e+03 1.645000e-01
3.630000e+03 1.649000e-01
3.631000e+03 1.659000e-01
3.632000e+03 1.670000e-01
3.633000e+03 1.678000e-01
3.634000e+03 1.686000e-01
3.635000e+03 1.697000e-01
3.636000e+03 1.705000e-01
3.637000e+03 1.711000e-01
3.638000e+03 1.719000e-01
3.639000e+03 1.728000e-01
3.640000e+03 1.731000e-01
3.641000e+03 1.735000e-01
3.642000e+03 1.738000e-01
3.643000e+03 1.740000e-01
3.644000e+03 1.741000e-01
3.645000e+03 1.742000e-01
3.646000e+03 1.741000e-01
3.647000e+03 1.742000e-01
3.648000e+03 1.741000e-01
3.649000e+03 1.740000e-01
3.650000e+03 1.741000e-01
3.651000e+03 1.742000e-01
3.652000e+03 1.746000e-01
3.653000e+03 1.749000e-01
3.654000e+03 1.753000e-01
3.655000e+03 1.757000e-01
3.656000e+03 1.758000e-01
3.657000e+03 1.762000e-01
3.658000e+03 1.765000e-01
3.659000e+03 1.771000e-01
3.660000e+03 1.775000e-01
3.661000e+03 1.779000e-01
3.662000e+03 1.782000e-01
3.663000e+03 1.783000e-01
3.664000e+03 1.784000e-01
3.665000e+03 1.781000e-01
3.666000e+03 1.779000e-01
3.667000e+03 1.778000e-01
3.668000e+03 1.772000e-01
3.669000e+03 1.765000e-01
3.670000e+03 1.761000e-01
3.671000e+03 1.760000e-01
3.672000e+03 1.756000e-01
3.673000e+03 1.754000e-01
3.674000e+03 1.755000e-01
3.675000e+03 1.757000e-01
3.676000e+03 1.760000e-01
3.677000e+03 1.764000e-01
3.678000e+03 1.773000e-01
3.679000e+03 1.781000e-01
3.680000e+03 1.790000e-01
3.681000e+03 1.801000e-01
3.682000e+03 1.815000e-01
3.683000e+03 1.827000e-01
3.684000e+03 1.836000e-01
3.685000e+03 1.847000e-01
3.686000e+03 1.856000e-01
3.687000e+03 1.862000e-01
3.688000e+03 1.866000e-01
3.689000e+03 1.870000e-01
3.690000e+03 1.871000e-01
3.691000e+03 1.866000e-01
3.692000e+03 1.865000e-01
3.693000e+03 1.858000e-01
3.694000e+03 1.848000e-01
3.695000e+03 1.839000e-01
3.696000e+03 1.829000e-01
3.697000e+03 1.819000e-01
3.698000e+03 1.812000e-01
3.699000e+03 1.805000e-01
3.700000e+03 1.795000e-01
3.701000e+03 1.789000e-01
3.702000e+03 1.782000e-01
3.703000e+03 1.775000e-01
3.704000e+03 1.771000e-01
3.705000e+03 1.767000e-01
3.706000e+03 1.762000e-01
3.707000e+03 1.761000e-01
3.708000e+03 1.756000e-01
3.709000e+03 1.749000e-01
3.710000e+03 1.739000e-01
3.711000e+03 1.729000e-01
3.712000e+03 1.719000e-01
3.713000e+03 1.707000e-01
3.714000e+03 1.688000e-01
3.715000e+03 1.670000e-01
3.716000e+03 1.645000e-01
3.717000e+03 1.616000e-01
3.718000e+03 1.588000e-01
3.719000e+03 1.558000e-01
3.720000e+03 1.528000e-01
3.721000e+03 1.495000e-01
3.722000e+03 1.462000e-01
3.723000e+03 1.428000e-01
3.724000e+03 1.394000e-01
3.725000e+03 1.361000e-01
3.726000e+03 1.324000e-01
3.727000e+03 1.293000e-01
3.728000e+03 1.258000e-01
3.729000e+03 1.227000e-01
3.730000e+03 1.192000e-01
3.731000e+03 1.163000e-01
3.732000e+03 1.134000e-01
3.733000e+03 1.102000e-01
3.734000e+03 1.072000e-01
3.735000e+03 1.043000e-01
3.736000e+03 1.013000e-01
3.737000e+03 9.830000e-02
3.738000e+03 9.540000e-02
3.739000e+03 9.260000e-02
3.740000e+03 8.960000e-02
3.741000e+03 8.690000e-02
3.742000e+03 8.380000e-02
3.743000e+03 8.080000e-02
3.744000e+03 7.800000e-02
3.745000e+03 7.520000e-02
3.746000e+03 7.240000e-02
3.747000e+03 6.990000e-02
3.748000e+03 6.740000e-02
3.749000e+03 6.490000e-02
3.750000e+03 6.230000e-02
3.751000e+03 5.970000e-02
3.752000e+03 5.750000e-02
3.753000e+03 5.490000e-02
3.754000e+03 5.260000e-02
3.755000e+03 5.060000e-02
3.756000e+03 4.830000e-02
3.757000e+03 4.630000e-02
3.758000e+03 4.430000e-02
3.759000e+03 4.220000e-02
3.760000e+03 4.050000e-02
3.761000e+03 3.880000e-02
3.762000e+03 3.700000e-02
3.763000e+03 3.520000e-02
3.764000e+03 3.380000e-02
3.765000e+03 3.230000e-02
3.766000e+03 3.090000e-02
3.767000e+03 2.970000e-02
3.768000e+03 2.820000e-02
3.769000e+03 2.700000e-02
3.770000e+03 2.580000e-02
3.771000e+03 2.470000e-02
3.772000e+03 2.380000e-02
3.773000e+03 2.260000e-02
3.774000e+03 2.170000e-02
3.775000e+03 2.080000e-02
3.776000e+03 1.990000e-02
3.777000e+03 1.900000e-02
3.778000e+03 1.810000e-02
3.779000e+03 1.750000e-02
3.780000e+03 1.660000e-02
3.781000e+03 1.600000e-02
3.782000e+03 1.540000e-02
3.783000e+03 1.480000e-02
3.784000e+03 1.420000e-02
3.785000e+03 1.360000e-02
3.786000e+03 1.300000e-02
3.787000e+03 1.270000e-02
3.788000e+03 1.210000e-02
3.789000e+03 1.180000e-02
3.790000e+03 1.120000e-02
3.791000e+03 1.090000e-02
3.792000e+03 1.060000e-02
3.793000e+03 9.900000e-03
3.794000e+03 9.600000e-03
3.795000e+03 9.300000e-03
3.796000e+03 9.000000e-03
3.797000e+03 8.700000e-03
3.798000e+03 8.400000e-03
3.799000e+03 8.100000e-03
3.800000e+03 7.800000e-03
3.801000e+03 7.500000e-03
3.802000e+03 7.200000e-03
3.803000e+03 7.200000e-03
3.804000e+03 6.800000e-03
3.805000e+03 6.500000e-03
3.806000e+03 6.500000e-03
3.807000e+03 6.200000e-03
3.808000e+03 5.900000e-03
3.809000e+03 5.900000e-03
3.810000e+03 5.600000e-03
3.811000e+03 5.600000e-03
3.812000e+03 5.300000e-03
3.813000e+03 5.300000e-03
3.814000e+03 4.900000e-03
3.815000e+03 4.900000e-03
3.816000e+03 4.600000e-03
3.817000e+03 4.600000e-03
3.818000e+03 4.300000e-03
3.819000e+03 4.300000e-03
3.820000e+03 4.300000e-03
3.821000e+03 4.000000e-03
3.822000e+03 4.000000e-03
3.823000e+03 3.700000e-03
3.824000e+03 3.700000e-03
3.825000e+03 3.700000e-03
3.826000e+03 3.300000e-03
3.827000e+03 3.300000e-03
3.828000e+03 3.300000e-03
3.829000e+03 3.000000e-03
3.830000e+03 3.000000e-03
3.831000e+03 3.000000e-03
3.832000e+03 3.000000e-03
3.833000e+03 2.700000e-03
3.834000e+03 2.700000e-03
3.835000e+03 2.700000e-03
3.836000e+03 2.700000e-03
3.837000e+03 2.400000e-03
3.838000e+03 2.400000e-03
3.839000e+03 2.400000e-03
3.840000e+03 2.400000e-03
3.841000e+03 2.400000e-03
3.842000e+03 2.000000e-03
3.843000e+03 2.000000e-03
3.844000e+03 2.000000e-03
3.845000e+03 2.000000e-03
3.846000e+03 2.000000e-03
3.847000e+03 1.700000e-03
3.848000e+03 1.700000e-03
3.849000e+03 1.700000e-03
3.850000e+03 1.700000e-03
3.851000e+03 1.700000e-03
3.852000e+03 1.700000e-03
3.853000e+03 1.400000e-03
3.854000e+03 1.400000e-03
3.855000e+03 1.400000e-03
3.856000e+03 1.400000e-03
3.857000e+03 1.400000e-03
3.858000e+03 1.400000e-03
3.859000e+03 1.400000e-03
3.860000e+03 1.400000e-03
3.861000e+03 1.000000e-03
3.862000e+03 1.000000e-03
3.863000e+03 1.000000e-03
3.864000e+03 1.000000e-03
3.865000e+03 1.000000e-03
3.866000e+03 1.000000e-03
3.867000e+03 1.000000e-03
3.868000e+03 1.100000e-03
3.869000e+03 1.100000e-03
3.870000e+03 7.000000e-04
3.871000e+03 7.000000e-04
3.872000e+03 7.000000e-04
3.873000e+03 7.000000e-04
3.874000e+03 7.000000e-04
3.875000e+03 7.000000e-04
3.876000e+03 7.000000e-04
3.877000e+03 7.000000e-04
3.878000e+03 7.000000e-04
3.879000e+03 7.000000e-04
3.880000e+03 7.000000e-04
3.881000e+03 4.000000e-04
3.882000e+03 4.000000e-04
3.883000e+03 4.000000e-04
3.884000e+03 4.000000e-04
3.885000e+03 4.000000e-04
3.886000e+03 4.000000e-04
3.887000e+03 4.000000e-04
3.888000e+03 4.000000e-04
3.889000e+03 4.000000e-04
3.890000e+03 4.000000e-04
3.891000e+03 4.000000e-04
3.892000e+03 4.000000e-04
3.893000e+03 4.000000e-04
3.894000e+03 4.000000e-04
3.895000e+03 4.000000e-04
