# JPLUS_rSDSS
# vendored from SVO FPS 'OAJ/JPLUS.rSDSS', 2026-07-04
# columns: wavelength_Angstrom throughput
5.316000e+03 6.000000e-04
5.317000e+03 6.000000e-04
5.318000e+03 6.000000e-04
5.319000e+03 6.000000e-04
5.320000e+03 6.000000e-04
5.321000e+03 6.000000e-04
5.322000e+03 6.000000e-04
5.323000e+03 6.000000e-04
5.324000e+03 6.000000e-04
5.325000e+03 6.000000e-04
5.326000e+03 6.000000e-04
5.327000e+03 6.000000e-04
5.328000e+03 1.200000e-03
5.329000e+03 1.200000e-03
5.330000e+03 1.200000e-03
5.331000e+03 1.200000e-03
5.332000e+03 1.200000e-03
5.333000e+03 1.200000e-03
5.334000e+03 1.800000e-03
5.335000e+03 1.800000e-03
5.336000e+03 1.800000e-03
5.337000e+03 1.800000e-03
5.338000e+03 1.800000e-03
5.339000e+03 2.500000e-03
5.340000e+03 2.500000e-03
5.341000e+03 2.500000e-03
5.342000e+03 2.500000e-03
5.343000e+03 3.100000e-03
5.344000e+03 3.100000e-03
5.345000e+03 3.100000e-03
5.346000e+03 3.700000e-03
5.347000e+03 3.700000e-03
5.348000e+03 4.300000e-03
5.349000e+03 4.300000e-03
5.350000e+03 4.300000e-03
5.351000e+03 4.900000e-03
5.352000e+03 4.900000e-03
5.353000e+03 5.500000e-03
5.354000e+03 5.500000e-03
5.355000e+03 6.200000e-03
5.356000e+03 6.200000e-03
5.357000e+03 6.800000e-03
5.358000e+03 6.800000e-03
5.359000e+03 7.400000e-03
5.360000e+03 7.400000e-03
5.361000e+03 8.000000e-03
5.362000e+03 8.600000e-03
5.363000e+03 8.600000e-03
5.364000e+03 9.300000e-03
5.365000e+03 9.300000e-03
5.366000e+03 9.900000e-03
5.367000e+03 1.050000e-02
5.368000e+03 1.050000e-02
5.369000e+03 1.110000e-02
5.370000e+03 1.170000e-02
5.371000e+03 1.230000e-02
5.372000e+03 1.230000e-02
5.373000e+03 1.300000e-02
5.374000e+03 1.300000e-02
5.375000e+03 1.360000e-02
5.376000e+03 1.420000e-02
5.377000e+03 1.420000e-02
5.378000e+03 1.480000e-02
5.379000e+03 1.540000e-02
5.380000e+03 1.610000e-02
5.381000e+03 1.670000e-02
5.382000e+03 1.670000e-02
5.383000e+03 1.730000e-02
5.384000e+03 1.790000e-02
5.385000e+03 1.850000e-02
5.386000e+03 1.920000e-02
5.387000e+03 1.980000e-02
5.388000e+03 1.980000e-02
5.389000e+03 2.040000e-02
5.390000e+03 2.100000e-02
5.391000e+03 2.160000e-02
5.392000e+03 2.230000e-02
5.393000e+03 2.290000e-02
5.394000e+03 2.410000e-02
5.395000e+03 2.470000e-02
5.396000e+03 2.470000e-02
5.397000e+03 2.600000e-02
5.398000e+03 2.660000e-02
5.399000e+03 2.720000e-02
5.400000e+03 2.780000e-02
5.401000e+03 2.850000e-02
5.402000e+03 2.970000e-02
5.403000e+03 3.030000e-02
5.404000e+03 3.100000e-02
5.405000e+03 3.160000e-02
5.406000e+03 3.220000e-02
5.407000e+03 3.340000e-02
5.408000e+03 3.410000e-02
5.409000e+03 3.530000e-02
5.410000e+03 3.590000e-02
5.411000e+03 3.720000e-02
5.412000e+03 3.780000e-02
5.413000e+03 3.900000e-02
5.414000e+03 3.960000e-02
5.415000e+03 4.150000e-02
5.416000e+03 4.280000e-02
5.417000e+03 4.340000e-02
5.418000e+03 4.460000e-02
5.419000e+03 4.650000e-02
5.420000e+03 4.770000e-02
5.421000e+03 4.900000e-02
5.422000e+03 5.080000e-02
5.423000e+03 5.210000e-02
5.424000e+03 5.390000e-02
5.425000e+03 5.580000e-02
5.426000e+03 5.770000e-02
5.427000e+03 5.890000e-02
5.428000e+03 6.020000e-02
5.429000e+03 6.260000e-02
5.430000e+03 6.450000e-02
5.431000e+03 6.640000e-02
5.432000e+03 6.820000e-02
5.433000e+03 7.070000e-02
5.434000e+03 7.260000e-02
5.435000e+03 7.510000e-02
5.436000e+03 7.690000e-02
5.437000e+03 7.940000e-02
5.438000e+03 8.190000e-02
5.439000e+03 8.440000e-02
5.440000e+03 8.690000e-02
5.441000e+03 8.940000e-02
5.442000e+03 9.120000e-02
5.443000e+03 9.430000e-02
5.444000e+03 9.750000e-02
5.445000e+03 9.990000e-02
5.446000e+03 1.031000e-01
5.447000e+03 1.062000e-01
5.448000e+03 1.099000e-01
5.449000e+03 1.130000e-01
5.450000e+03 1.167000e-01
5.451000e+03 1.199000e-01
5.452000e+03 1.230000e-01
5.453000e+03 1.273000e-01
5.454000e+03 1.311000e-01
5.455000e+03 1.348000e-01
5.456000e+03 1.379000e-01
5.457000e+03 1.423000e-01
5.458000e+03 1.460000e-01
5.459000e+03 1.497000e-01
5.460000e+03 1.535000e-01
5.461000e+03 1.566000e-01
5.462000e+03 1.597000e-01
5.463000e+03 1.641000e-01
5.464000e+03 1.684000e-01
5.465000e+03 1.722000e-01
5.466000e+03 1.753000e-01
5.467000e+03 1.796000e-01
5.468000e+03 1.840000e-01
5.469000e+03 1.871000e-01
5.470000e+03 1.909000e-01
5.471000e+03 1.946000e-01
5.472000e+03 1.990000e-01
5.473000e+03 2.027000e-01
5.474000e+03 2.064000e-01
5.475000e+03 2.096000e-01
5.476000e+03 2.127000e-01
5.477000e+03 2.158000e-01
5.478000e+03 2.189000e-01
5.479000e+03 2.220000e-01
5.480000e+03 2.245000e-01
5.481000e+03 2.277000e-01
5.482000e+03 2.302000e-01
5.483000e+03 2.327000e-01
5.484000e+03 2.345000e-01
5.485000e+03 2.364000e-01
5.486000e+03 2.383000e-01
5.487000e+03 2.408000e-01
5.488000e+03 2.426000e-01
5.489000e+03 2.458000e-01
5.490000e+03 2.483000e-01
5.491000e+03 2.495000e-01
5.492000e+03 2.514000e-01
5.493000e+03 2.533000e-01
5.494000e+03 2.545000e-01
5.495000e+03 2.564000e-01
5.496000e+03 2.583000e-01
5.497000e+03 2.601000e-01
5.498000e+03 2.620000e-01
5.499000e+03 2.633000e-01
5.500000e+03 2.645000e-01
5.501000e+03 2.664000e-01
5.502000e+03 2.683000e-01
5.503000e+03 2.695000e-01
5.504000e+03 2.708000e-01
5.505000e+03 2.721000e-01
5.506000e+03 2.733000e-01
5.507000e+03 2.758000e-01
5.508000e+03 2.783000e-01
5.509000e+03 2.796000e-01
5.510000e+03 2.815000e-01
5.511000e+03 2.827000e-01
5.512000e+03 2.846000e-01
5.513000e+03 2.871000e-01
5.514000e+03 2.890000e-01
5.515000e+03 2.909000e-01
5.516000e+03 2.922000e-01
5.517000e+03 2.947000e-01
5.518000e+03 2.972000e-01
5.519000e+03 2.984000e-01
5.520000e+03 2.997000e-01
5.521000e+03 3.016000e-01
5.522000e+03 3.028000e-01
5.523000e+03 3.060000e-01
5.524000e+03 3.085000e-01
5.525000e+03 3.110000e-01
5.526000e+03 3.141000e-01
5.527000e+03 3.160000e-01
5.528000e+03 3.185000e-01
5.529000e+03 3.210000e-01
5.530000e+03 3.235000e-01
5.531000e+03 3.267000e-01
5.532000e+03 3.292000e-01
5.533000e+03 3.323000e-01
5.534000e+03 3.348000e-01
5.535000e+03 3.379000e-01
5.536000e+03 3.411000e-01
5.537000e+03 3.436000e-01
5.538000e+03 3.461000e-01
5.539000e+03 3.492000e-01
5.540000e+03 3.517000e-01
5.541000e+03 3.549000e-01
5.542000e+03 3.574000e-01
5.543000e+03 3.599000e-01
5.544000e+03 3.624000e-01
5.545000e+03 3.655000e-01
5.546000e+03 3.687000e-01
5.547000e+03 3.724000e-01
5.548000e+03 3.762000e-01
5.549000e+03 3.787000e-01
5.550000e+03 3.812000e-01
5.551000e+03 3.837000e-01
5.552000e+03 3.862000e-01
5.553000e+03 3.881000e-01
5.554000e+03 3.906000e-01
5.555000e+03 3.937000e-01
5.556000e+03 3.969000e-01
5.557000e+03 3.981000e-01
5.558000e+03 3.994000e-01
5.559000e+03 4.019000e-01
5.560000e+03 4.038000e-01
5.561000e+03 4.050000e-01
5.562000e+03 4.069000e-01
5.563000e+03 4.100000e-01
5.564000e+03 4.125000e-01
5.565000e+03 4.138000e-01
5.566000e+03 4.157000e-01
5.567000e+03 4.169000e-01
5.568000e+03 4.182000e-01
5.569000e+03 4.194000e-01
5.570000e+03 4.213000e-01
5.571000e+03 4.220000e-01
5.572000e+03 4.226000e-01
5.573000e+03 4.238000e-01
5.574000e+03 4.257000e-01
5.575000e+03 4.257000e-01
5.576000e+03 4.264000e-01
5.577000e+03 4.270000e-01
5.578000e+03 4.276000e-01
5.579000e+03 4.289000e-01
5.580000e+03 4.301000e-01
5.581000e+03 4.289000e-01
5.582000e+03 4.283000e-01
5.583000e+03 4.289000e-01
5.584000e+03 4.302000e-01
5.585000e+03 4.296000e-01
5.586000e+03 4.296000e-01
5.587000e+03 4.296000e-01
5.588000e+03 4.290000e-01
5.589000e+03 4.296000e-01
5.590000e+03 4.302000e-01
5.591000e+03 4.309000e-01
5.592000e+03 4.315000e-01
5.593000e+03 4.328000e-01
5.594000e+03 4.334000e-01
5.595000e+03 4.334000e-01
5.596000e+03 4.334000e-01
5.597000e+03 4.334000e-01
5.598000e+03 4.334000e-01
5.599000e+03 4.341000e-01
5.600000e+03 4.347000e-01
5.601000e+03 4.347000e-01
5.602000e+03 4.353000e-01
5.603000e+03 4.353000e-01
5.604000e+03 4.354000e-01
5.605000e+03 4.366000e-01
5.606000e+03 4.379000e-01
5.607000e+03 4.391000e-01
5.608000e+03 4.404000e-01
5.609000e+03 4.410000e-01
5.610000e+03 4.417000e-01
5.611000e+03 4.435000e-01
5.612000e+03 4.454000e-01
5.613000e+03 4.461000e-01
5.614000e+03 4.461000e-01
5.615000e+03 4.473000e-01
5.616000e+03 4.486000e-01
5.617000e+03 4.505000e-01
5.618000e+03 4.523000e-01
5.619000e+03 4.523000e-01
5.620000e+03 4.523000e-01
5.621000e+03 4.542000e-01
5.622000e+03 4.567000e-01
5.623000e+03 4.580000e-01
5.624000e+03 4.592000e-01
5.625000e+03 4.611000e-01
5.626000e+03 4.624000e-01
5.627000e+03 4.643000e-01
5.628000e+03 4.661000e-01
5.629000e+03 4.680000e-01
5.630000e+03 4.699000e-01
5.631000e+03 4.718000e-01
5.632000e+03 4.743000e-01
5.633000e+03 4.743000e-01
5.634000e+03 4.743000e-01
5.635000e+03 4.768000e-01
5.636000e+03 4.793000e-01
5.637000e+03 4.806000e-01
5.638000e+03 4.818000e-01
5.639000e+03 4.831000e-01
5.640000e+03 4.843000e-01
5.641000e+03 4.868000e-01
5.642000e+03 4.893000e-01
5.643000e+03 4.912000e-01
5.644000e+03 4.931000e-01
5.645000e+03 4.944000e-01
5.646000e+03 4.956000e-01
5.647000e+03 4.975000e-01
5.648000e+03 4.987000e-01
5.649000e+03 5.006000e-01
5.650000e+03 5.025000e-01
5.651000e+03 5.019000e-01
5.652000e+03 5.019000e-01
5.653000e+03 5.037000e-01
5.654000e+03 5.056000e-01
5.655000e+03 5.062000e-01
5.656000e+03 5.062000e-01
5.657000e+03 5.075000e-01
5.658000e+03 5.087000e-01
5.659000e+03 5.094000e-01
5.660000e+03 5.100000e-01
5.661000e+03 5.112000e-01
5.662000e+03 5.119000e-01
5.663000e+03 5.131000e-01
5.664000e+03 5.150000e-01
5.665000e+03 5.144000e-01
5.666000e+03 5.137000e-01
5.667000e+03 5.156000e-01
5.668000e+03 5.175000e-01
5.669000e+03 5.162000e-01
5.670000e+03 5.156000e-01
5.671000e+03 5.169000e-01
5.672000e+03 5.181000e-01
5.673000e+03 5.181000e-01
5.674000e+03 5.181000e-01
5.675000e+03 5.187000e-01
5.676000e+03 5.187000e-01
5.677000e+03 5.193000e-01
5.678000e+03 5.200000e-01
5.679000e+03 5.212000e-01
5.680000e+03 5.218000e-01
5.681000e+03 5.231000e-01
5.682000e+03 5.243000e-01
5.683000e+03 5.243000e-01
5.684000e+03 5.243000e-01
5.685000e+03 5.256000e-01
5.686000e+03 5.262000e-01
5.687000e+03 5.249000e-01
5.688000e+03 5.237000e-01
5.689000e+03 5.249000e-01
5.690000e+03 5.262000e-01
5.691000e+03 5.268000e-01
5.692000e+03 5.268000e-01
5.693000e+03 5.280000e-01
5.694000e+03 5.287000e-01
5.695000e+03 5.286000e-01
5.696000e+03 5.293000e-01
5.697000e+03 5.293000e-01
5.698000e+03 5.293000e-01
5.699000e+03 5.311000e-01
5.700000e+03 5.324000e-01
5.701000e+03 5.330000e-01
5.702000e+03 5.330000e-01
5.703000e+03 5.324000e-01
5.704000e+03 5.318000e-01
5.705000e+03 5.336000e-01
5.706000e+03 5.355000e-01
5.707000e+03 5.355000e-01
5.708000e+03 5.355000e-01
5.709000e+03 5.361000e-01
5.710000e+03 5.368000e-01
5.711000e+03 5.368000e-01
5.712000e+03 5.374000e-01
5.713000e+03 5.368000e-01
5.714000e+03 5.368000e-01
5.715000e+03 5.380000e-01
5.716000e+03 5.387000e-01
5.717000e+03 5.393000e-01
5.718000e+03 5.393000e-01
5.719000e+03 5.393000e-01
5.720000e+03 5.387000e-01
5.721000e+03 5.399000e-01
5.722000e+03 5.405000e-01
5.723000e+03 5.399000e-01
5.724000e+03 5.393000e-01
5.725000e+03 5.393000e-01
5.726000e+03 5.393000e-01
5.727000e+03 5.399000e-01
5.728000e+03 5.399000e-01
5.729000e+03 5.406000e-01
5.730000e+03 5.418000e-01
5.731000e+03 5.406000e-01
5.732000e+03 5.387000e-01
5.733000e+03 5.393000e-01
5.734000e+03 5.393000e-01
5.735000e+03 5.387000e-01
5.736000e+03 5.381000e-01
5.737000e+03 5.387000e-01
5.738000e+03 5.393000e-01
5.739000e+03 5.387000e-01
5.740000e+03 5.387000e-01
5.741000e+03 5.387000e-01
5.742000e+03 5.394000e-01
5.743000e+03 5.387000e-01
5.744000e+03 5.381000e-01
5.745000e+03 5.387000e-01
5.746000e+03 5.394000e-01
5.747000e+03 5.394000e-01
5.748000e+03 5.394000e-01
5.749000e+03 5.394000e-01
5.750000e+03 5.388000e-01
5.751000e+03 5.381000e-01
5.752000e+03 5.382000e-01
5.753000e+03 5.375000e-01
5.754000e+03 5.375000e-01
5.755000e+03 5.363000e-01
5.756000e+03 5.357000e-01
5.757000e+03 5.376000e-01
5.758000e+03 5.388000e-01
5.759000e+03 5.395000e-01
5.760000e+03 5.395000e-01
5.761000e+03 5.395000e-01
5.762000e+03 5.389000e-01
5.763000e+03 5.395000e-01
5.764000e+03 5.395000e-01
5.765000e+03 5.402000e-01
5.766000e+03 5.402000e-01
5.767000e+03 5.408000e-01
5.768000e+03 5.415000e-01
5.769000e+03 5.427000e-01
5.770000e+03 5.434000e-01
5.771000e+03 5.428000e-01
5.772000e+03 5.428000e-01
5.773000e+03 5.440000e-01
5.774000e+03 5.447000e-01
5.775000e+03 5.453000e-01
5.776000e+03 5.459000e-01
5.777000e+03 5.472000e-01
5.778000e+03 5.478000e-01
5.779000e+03 5.472000e-01
5.780000e+03 5.466000e-01
5.781000e+03 5.479000e-01
5.782000e+03 5.492000e-01
5.783000e+03 5.498000e-01
5.784000e+03 5.504000e-01
5.785000e+03 5.511000e-01
5.786000e+03 5.517000e-01
5.787000e+03 5.530000e-01
5.788000e+03 5.536000e-01
5.789000e+03 5.542000e-01
5.790000e+03 5.549000e-01
5.791000e+03 5.555000e-01
5.792000e+03 5.568000e-01
5.793000e+03 5.568000e-01
5.794000e+03 5.568000e-01
5.795000e+03 5.580000e-01
5.796000e+03 5.587000e-01
5.797000e+03 5.581000e-01
5.798000e+03 5.574000e-01
5.799000e+03 5.587000e-01
5.800000e+03 5.593000e-01
5.801000e+03 5.606000e-01
5.802000e+03 5.612000e-01
5.803000e+03 5.606000e-01
5.804000e+03 5.600000e-01
5.805000e+03 5.606000e-01
5.806000e+03 5.612000e-01
5.807000e+03 5.612000e-01
5.808000e+03 5.612000e-01
5.809000e+03 5.619000e-01
5.810000e+03 5.625000e-01
5.811000e+03 5.631000e-01
5.812000e+03 5.637000e-01
5.813000e+03 5.631000e-01
5.814000e+03 5.625000e-01
5.815000e+03 5.638000e-01
5.816000e+03 5.644000e-01
5.817000e+03 5.650000e-01
5.818000e+03 5.656000e-01
5.819000e+03 5.644000e-01
5.820000e+03 5.631000e-01
5.821000e+03 5.631000e-01
5.822000e+03 5.631000e-01
5.823000e+03 5.638000e-01
5.824000e+03 5.644000e-01
5.825000e+03 5.644000e-01
5.826000e+03 5.644000e-01
5.827000e+03 5.638000e-01
5.828000e+03 5.638000e-01
5.829000e+03 5.632000e-01
5.830000e+03 5.625000e-01
5.831000e+03 5.644000e-01
5.832000e+03 5.657000e-01
5.833000e+03 5.657000e-01
5.834000e+03 5.650000e-01
5.835000e+03 5.651000e-01
5.836000e+03 5.657000e-01
5.837000e+03 5.663000e-01
5.838000e+03 5.663000e-01
5.839000e+03 5.663000e-01
5.840000e+03 5.663000e-01
5.841000e+03 5.663000e-01
5.842000e+03 5.663000e-01
5.843000e+03 5.670000e-01
5.844000e+03 5.676000e-01
5.845000e+03 5.670000e-01
5.846000e+03 5.670000e-01
5.847000e+03 5.663000e-01
5.848000e+03 5.651000e-01
5.849000e+03 5.682000e-01
5.850000e+03 5.707000e-01
5.851000e+03 5.701000e-01
5.852000e+03 5.695000e-01
5.853000e+03 5.701000e-01
5.854000e+03 5.714000e-01
5.855000e+03 5.707000e-01
5.856000e+03 5.695000e-01
5.857000e+03 5.701000e-01
5.858000e+03 5.701000e-01
5.859000e+03 5.714000e-01
5.860000e+03 5.720000e-01
5.861000e+03 5.726000e-01
5.862000e+03 5.733000e-01
5.863000e+03 5.727000e-01
5.864000e+03 5.720000e-01
5.865000e+03 5.739000e-01
5.866000e+03 5.752000e-01
5.867000e+03 5.739000e-01
5.868000e+03 5.727000e-01
5.869000e+03 5.740000e-01
5.870000e+03 5.752000e-01
5.871000e+03 5.752000e-01
5.872000e+03 5.752000e-01
5.873000e+03 5.759000e-01
5.874000e+03 5.759000e-01
5.875000e+03 5.752000e-01
5.876000e+03 5.753000e-01
5.877000e+03 5.753000e-01
5.878000e+03 5.759000e-01
5.879000e+03 5.759000e-01
5.880000e+03 5.759000e-01
5.881000e+03 5.772000e-01
5.882000e+03 5.791000e-01
5.883000e+03 5.784000e-01
5.884000e+03 5.785000e-01
5.885000e+03 5.778000e-01
5.886000e+03 5.772000e-01
5.887000e+03 5.754000e-01
5.888000e+03 5.735000e-01
5.889000e+03 5.766000e-01
5.890000e+03 5.798000e-01
5.891000e+03 5.779000e-01
5.892000e+03 5.754000e-01
5.893000e+03 5.767000e-01
5.894000e+03 5.773000e-01
5.895000e+03 5.779000e-01
5.896000e+03 5.780000e-01
5.897000e+03 5.773000e-01
5.898000e+03 5.767000e-01
5.899000e+03 5.767000e-01
5.900000e+03 5.767000e-01
5.901000e+03 5.774000e-01
5.902000e+03 5.780000e-01
5.903000e+03 5.787000e-01
5.904000e+03 5.787000e-01
5.905000e+03 5.781000e-01
5.906000e+03 5.775000e-01
5.907000e+03 5.769000e-01
5.908000e+03 5.756000e-01
5.909000e+03 5.769000e-01
5.910000e+03 5.782000e-01
5.911000e+03 5.782000e-01
5.912000e+03 5.782000e-01
5.913000e+03 5.795000e-01
5.914000e+03 5.808000e-01
5.915000e+03 5.802000e-01
5.916000e+03 5.802000e-01
5.917000e+03 5.796000e-01
5.918000e+03 5.796000e-01
5.919000e+03 5.790000e-01
5.920000e+03 5.784000e-01
5.921000e+03 5.797000e-01
5.922000e+03 5.809000e-01
5.923000e+03 5.816000e-01
5.924000e+03 5.816000e-01
5.925000e+03 5.810000e-01
5.926000e+03 5.804000e-01
5.927000e+03 5.810000e-01
5.928000e+03 5.817000e-01
5.929000e+03 5.817000e-01
5.930000e+03 5.817000e-01
5.931000e+03 5.830000e-01
5.932000e+03 5.836000e-01
5.933000e+03 5.843000e-01
5.934000e+03 5.849000e-01
5.935000e+03 5.843000e-01
5.936000e+03 5.844000e-01
5.937000e+03 5.844000e-01
5.938000e+03 5.844000e-01
5.939000e+03 5.838000e-01
5.940000e+03 5.826000e-01
5.941000e+03 5.851000e-01
5.942000e+03 5.877000e-01
5.943000e+03 5.871000e-01
5.944000e+03 5.871000e-01
5.945000e+03 5.877000e-01
5.946000e+03 5.884000e-01
5.947000e+03 5.865000e-01
5.948000e+03 5.853000e-01
5.949000e+03 5.872000e-01
5.950000e+03 5.897000e-01
5.951000e+03 5.885000e-01
5.952000e+03 5.879000e-01
5.953000e+03 5.898000e-01
5.954000e+03 5.917000e-01
5.955000e+03 5.905000e-01
5.956000e+03 5.893000e-01
5.957000e+03 5.893000e-01
5.958000e+03 5.893000e-01
5.959000e+03 5.881000e-01
5.960000e+03 5.875000e-01
5.961000e+03 5.881000e-01
5.962000e+03 5.894000e-01
5.963000e+03 5.888000e-01
5.964000e+03 5.882000e-01
5.965000e+03 5.882000e-01
5.966000e+03 5.882000e-01
5.967000e+03 5.882000e-01
5.968000e+03 5.883000e-01
5.969000e+03 5.870000e-01
5.970000e+03 5.858000e-01
5.971000e+03 5.858000e-01
5.972000e+03 5.865000e-01
5.973000e+03 5.865000e-01
5.974000e+03 5.871000e-01
5.975000e+03 5.859000e-01
5.976000e+03 5.853000e-01
5.977000e+03 5.860000e-01
5.978000e+03 5.872000e-01
5.979000e+03 5.866000e-01
5.980000e+03 5.866000e-01
5.981000e+03 5.860000e-01
5.982000e+03 5.861000e-01
5.983000e+03 5.861000e-01
5.984000e+03 5.861000e-01
5.985000e+03 5.862000e-01
5.986000e+03 5.862000e-01
5.987000e+03 5.837000e-01
5.988000e+03 5.818000e-01
5.989000e+03 5.825000e-01
5.990000e+03 5.838000e-01
5.991000e+03 5.838000e-01
5.992000e+03 5.845000e-01
5.993000e+03 5.839000e-01
5.994000e+03 5.833000e-01
5.995000e+03 5.839000e-01
5.996000e+03 5.846000e-01
5.997000e+03 5.840000e-01
5.998000e+03 5.840000e-01
5.999000e+03 5.846000e-01
6.000000e+03 5.853000e-01
6.001000e+03 5.834000e-01
6.002000e+03 5.816000e-01
6.003000e+03 5.816000e-01
6.004000e+03 5.816000e-01
6.005000e+03 5.829000e-01
6.006000e+03 5.836000e-01
6.007000e+03 5.836000e-01
6.008000e+03 5.836000e-01
6.009000e+03 5.843000e-01
6.010000e+03 5.849000e-01
6.011000e+03 5.862000e-01
6.012000e+03 5.869000e-01
6.013000e+03 5.863000e-01
6.014000e+03 5.857000e-01
6.015000e+03 5.857000e-01
6.016000e+03 5.857000e-01
6.017000e+03 5.864000e-01
6.018000e+03 5.864000e-01
6.019000e+03 5.865000e-01
6.020000e+03 5.871000e-01
6.021000e+03 5.884000e-01
6.022000e+03 5.891000e-01
6.023000e+03 5.885000e-01
6.024000e+03 5.879000e-01
6.025000e+03 5.873000e-01
6.026000e+03 5.873000e-01
6.027000e+03 5.886000e-01
6.028000e+03 5.892000e-01
6.029000e+03 5.893000e-01
6.030000e+03 5.887000e-01
6.031000e+03 5.881000e-01
6.032000e+03 5.881000e-01
6.033000e+03 5.894000e-01
6.034000e+03 5.913000e-01
6.035000e+03 5.895000e-01
6.036000e+03 5.870000e-01
6.037000e+03 5.883000e-01
6.038000e+03 5.889000e-01
6.039000e+03 5.896000e-01
6.040000e+03 5.909000e-01
6.041000e+03 5.897000e-01
6.042000e+03 5.891000e-01
6.043000e+03 5.904000e-01
6.044000e+03 5.916000e-01
6.045000e+03 5.898000e-01
6.046000e+03 5.886000e-01
6.047000e+03 5.892000e-01
6.048000e+03 5.905000e-01
6.049000e+03 5.893000e-01
6.050000e+03 5.887000e-01
6.051000e+03 5.887000e-01
6.052000e+03 5.888000e-01
6.053000e+03 5.907000e-01
6.054000e+03 5.926000e-01
6.055000e+03 5.914000e-01
6.056000e+03 5.908000e-01
6.057000e+03 5.914000e-01
6.058000e+03 5.914000e-01
6.059000e+03 5.915000e-01
6.060000e+03 5.921000e-01
6.061000e+03 5.903000e-01
6.062000e+03 5.890000e-01
6.063000e+03 5.884000e-01
6.064000e+03 5.884000e-01
6.065000e+03 5.891000e-01
6.066000e+03 5.898000e-01
6.067000e+03 5.898000e-01
6.068000e+03 5.898000e-01
6.069000e+03 5.911000e-01
6.070000e+03 5.918000e-01
6.071000e+03 5.893000e-01
6.072000e+03 5.874000e-01
6.073000e+03 5.887000e-01
6.074000e+03 5.906000e-01
6.075000e+03 5.913000e-01
6.076000e+03 5.925000e-01
6.077000e+03 5.932000e-01
6.078000e+03 5.932000e-01
6.079000e+03 5.914000e-01
6.080000e+03 5.895000e-01
6.081000e+03 5.914000e-01
6.082000e+03 5.933000e-01
6.083000e+03 5.927000e-01
6.084000e+03 5.921000e-01
6.085000e+03 5.915000e-01
6.086000e+03 5.909000e-01
6.087000e+03 5.916000e-01
6.088000e+03 5.916000e-01
6.089000e+03 5.922000e-01
6.090000e+03 5.929000e-01
6.091000e+03 5.929000e-01
6.092000e+03 5.929000e-01
6.093000e+03 5.936000e-01
6.094000e+03 5.943000e-01
6.095000e+03 5.936000e-01
6.096000e+03 5.937000e-01
6.097000e+03 5.931000e-01
6.098000e+03 5.925000e-01
6.099000e+03 5.925000e-01
6.100000e+03 5.925000e-01
6.101000e+03 5.932000e-01
6.102000e+03 5.945000e-01
6.103000e+03 5.945000e-01
6.104000e+03 5.952000e-01
6.105000e+03 5.946000e-01
6.106000e+03 5.933000e-01
6.107000e+03 5.952000e-01
6.108000e+03 5.965000e-01
6.109000e+03 5.947000e-01
6.110000e+03 5.934000e-01
6.111000e+03 5.941000e-01
6.112000e+03 5.947000e-01
6.113000e+03 5.948000e-01
6.114000e+03 5.942000e-01
6.115000e+03 5.948000e-01
6.116000e+03 5.955000e-01
6.117000e+03 5.955000e-01
6.118000e+03 5.949000e-01
6.119000e+03 5.956000e-01
6.120000e+03 5.956000e-01
6.121000e+03 5.962000e-01
6.122000e+03 5.963000e-01
6.123000e+03 5.957000e-01
6.124000e+03 5.944000e-01
6.125000e+03 5.957000e-01
6.126000e+03 5.964000e-01
6.127000e+03 5.945000e-01
6.128000e+03 5.933000e-01
6.129000e+03 5.920000e-01
6.130000e+03 5.908000e-01
6.131000e+03 5.915000e-01
6.132000e+03 5.915000e-01
6.133000e+03 5.915000e-01
6.134000e+03 5.909000e-01
6.135000e+03 5.928000e-01
6.136000e+03 5.947000e-01
6.137000e+03 5.941000e-01
6.138000e+03 5.935000e-01
6.139000e+03 5.935000e-01
6.140000e+03 5.936000e-01
6.141000e+03 5.923000e-01
6.142000e+03 5.917000e-01
6.143000e+03 5.930000e-01
6.144000e+03 5.937000e-01
6.145000e+03 5.924000e-01
6.146000e+03 5.912000e-01
6.147000e+03 5.925000e-01
6.148000e+03 5.938000e-01
6.149000e+03 5.944000e-01
6.150000e+03 5.944000e-01
6.151000e+03 5.938000e-01
6.152000e+03 5.926000e-01
6.153000e+03 5.920000e-01
6.154000e+03 5.914000e-01
6.155000e+03 5.927000e-01
6.156000e+03 5.946000e-01
6.157000e+03 5.933000e-01
6.158000e+03 5.921000e-01
6.159000e+03 5.915000e-01
6.160000e+03 5.908000e-01
6.161000e+03 5.928000e-01
6.162000e+03 5.947000e-01
6.163000e+03 5.941000e-01
6.164000e+03 5.934000e-01
6.165000e+03 5.941000e-01
6.166000e+03 5.941000e-01
6.167000e+03 5.935000e-01
6.168000e+03 5.929000e-01
6.169000e+03 5.942000e-01
6.170000e+03 5.954000e-01
6.171000e+03 5.942000e-01
6.172000e+03 5.936000e-01
6.173000e+03 5.942000e-01
6.174000e+03 5.955000e-01
6.175000e+03 5.955000e-01
6.176000e+03 5.955000e-01
6.177000e+03 5.943000e-01
6.178000e+03 5.937000e-01
6.179000e+03 5.949000e-01
6.180000e+03 5.962000e-01
6.181000e+03 5.950000e-01
6.182000e+03 5.937000e-01
6.183000e+03 5.937000e-01
6.184000e+03 5.943000e-01
6.185000e+03 5.943000e-01
6.186000e+03 5.943000e-01
6.187000e+03 5.950000e-01
6.188000e+03 5.956000e-01
6.189000e+03 5.963000e-01
6.190000e+03 5.969000e-01
6.191000e+03 5.963000e-01
6.192000e+03 5.950000e-01
6.193000e+03 5.956000e-01
6.194000e+03 5.963000e-01
6.195000e+03 5.950000e-01
6.196000e+03 5.944000e-01
6.197000e+03 5.931000e-01
6.198000e+03 5.919000e-01
6.199000e+03 5.938000e-01
6.200000e+03 5.950000e-01
6.201000e+03 5.963000e-01
6.202000e+03 5.976000e-01
6.203000e+03 5.963000e-01
6.204000e+03 5.944000e-01
6.205000e+03 5.950000e-01
6.206000e+03 5.956000e-01
6.207000e+03 5.944000e-01
6.208000e+03 5.931000e-01
6.209000e+03 5.918000e-01
6.210000e+03 5.912000e-01
6.211000e+03 5.912000e-01
6.212000e+03 5.911000e-01
6.213000e+03 5.911000e-01
6.214000e+03 5.905000e-01
6.215000e+03 5.911000e-01
6.216000e+03 5.911000e-01
6.217000e+03 5.898000e-01
6.218000e+03 5.885000e-01
6.219000e+03 5.892000e-01
6.220000e+03 5.898000e-01
6.221000e+03 5.898000e-01
6.222000e+03 5.898000e-01
6.223000e+03 5.891000e-01
6.224000e+03 5.885000e-01
6.225000e+03 5.885000e-01
6.226000e+03 5.885000e-01
6.227000e+03 5.891000e-01
6.228000e+03 5.897000e-01
6.229000e+03 5.897000e-01
6.230000e+03 5.897000e-01
6.231000e+03 5.897000e-01
6.232000e+03 5.890000e-01
6.233000e+03 5.890000e-01
6.234000e+03 5.890000e-01
6.235000e+03 5.890000e-01
6.236000e+03 5.890000e-01
6.237000e+03 5.890000e-01
6.238000e+03 5.883000e-01
6.239000e+03 5.883000e-01
6.240000e+03 5.883000e-01
6.241000e+03 5.883000e-01
6.242000e+03 5.883000e-01
6.243000e+03 5.895000e-01
6.244000e+03 5.908000e-01
6.245000e+03 5.914000e-01
6.246000e+03 5.920000e-01
6.247000e+03 5.907000e-01
6.248000e+03 5.894000e-01
6.249000e+03 5.920000e-01
6.250000e+03 5.951000e-01
6.251000e+03 5.945000e-01
6.252000e+03 5.944000e-01
6.253000e+03 5.932000e-01
6.254000e+03 5.912000e-01
6.255000e+03 5.931000e-01
6.256000e+03 5.950000e-01
6.257000e+03 5.944000e-01
6.258000e+03 5.931000e-01
6.259000e+03 5.950000e-01
6.260000e+03 5.968000e-01
6.261000e+03 5.962000e-01
6.262000e+03 5.949000e-01
6.263000e+03 5.949000e-01
6.264000e+03 5.942000e-01
6.265000e+03 5.942000e-01
6.266000e+03 5.942000e-01
6.267000e+03 5.955000e-01
6.268000e+03 5.973000e-01
6.269000e+03 5.980000e-01
6.270000e+03 5.986000e-01
6.271000e+03 5.967000e-01
6.272000e+03 5.954000e-01
6.273000e+03 5.973000e-01
6.274000e+03 5.998000e-01
6.275000e+03 5.979000e-01
6.276000e+03 5.953000e-01
6.277000e+03 5.959000e-01
6.278000e+03 5.972000e-01
6.279000e+03 5.972000e-01
6.280000e+03 5.971000e-01
6.281000e+03 5.959000e-01
6.282000e+03 5.952000e-01
6.283000e+03 5.971000e-01
6.284000e+03 5.996000e-01
6.285000e+03 5.977000e-01
6.286000e+03 5.964000e-01
6.287000e+03 5.958000e-01
6.288000e+03 5.957000e-01
6.289000e+03 5.970000e-01
6.290000e+03 5.982000e-01
6.291000e+03 5.957000e-01
6.292000e+03 5.931000e-01
6.293000e+03 5.931000e-01
6.294000e+03 5.931000e-01
6.295000e+03 5.950000e-01
6.296000e+03 5.969000e-01
6.297000e+03 5.956000e-01
6.298000e+03 5.949000e-01
6.299000e+03 5.949000e-01
6.300000e+03 5.949000e-01
6.301000e+03 5.942000e-01
6.302000e+03 5.936000e-01
6.303000e+03 5.917000e-01
6.304000e+03 5.898000e-01
6.305000e+03 5.904000e-01
6.306000e+03 5.910000e-01
6.307000e+03 5.904000e-01
6.308000e+03 5.903000e-01
6.309000e+03 5.910000e-01
6.310000e+03 5.909000e-01
6.311000e+03 5.903000e-01
6.312000e+03 5.890000e-01
6.313000e+03 5.890000e-01
6.314000e+03 5.884000e-01
6.315000e+03 5.890000e-01
6.316000e+03 5.896000e-01
6.317000e+03 5.896000e-01
6.318000e+03 5.889000e-01
6.319000e+03 5.895000e-01
6.320000e+03 5.901000e-01
6.321000e+03 5.876000e-01
6.322000e+03 5.851000e-01
6.323000e+03 5.850000e-01
6.324000e+03 5.857000e-01
6.325000e+03 5.863000e-01
6.326000e+03 5.869000e-01
6.327000e+03 5.862000e-01
6.328000e+03 5.856000e-01
6.329000e+03 5.862000e-01
6.330000e+03 5.868000e-01
6.331000e+03 5.874000e-01
6.332000e+03 5.880000e-01
6.333000e+03 5.868000e-01
6.334000e+03 5.855000e-01
6.335000e+03 5.861000e-01
6.336000e+03 5.867000e-01
6.337000e+03 5.867000e-01
6.338000e+03 5.867000e-01
6.339000e+03 5.860000e-01
6.340000e+03 5.854000e-01
6.341000e+03 5.860000e-01
6.342000e+03 5.872000e-01
6.343000e+03 5.872000e-01
6.344000e+03 5.878000e-01
6.345000e+03 5.885000e-01
6.346000e+03 5.891000e-01
6.347000e+03 5.884000e-01
6.348000e+03 5.884000e-01
6.349000e+03 5.884000e-01
6.350000e+03 5.877000e-01
6.351000e+03 5.884000e-01
6.352000e+03 5.883000e-01
6.353000e+03 5.883000e-01
6.354000e+03 5.877000e-01
6.355000e+03 5.870000e-01
6.356000e+03 5.864000e-01
6.357000e+03 5.876000e-01
6.358000e+03 5.883000e-01
6.359000e+03 5.889000e-01
6.360000e+03 5.895000e-01
6.361000e+03 5.882000e-01
6.362000e+03 5.863000e-01
6.363000e+03 5.869000e-01
6.364000e+03 5.868000e-01
6.365000e+03 5.874000e-01
6.366000e+03 5.874000e-01
6.367000e+03 5.861000e-01
6.368000e+03 5.848000e-01
6.369000e+03 5.829000e-01
6.370000e+03 5.810000e-01
6.371000e+03 5.816000e-01
6.372000e+03 5.815000e-01
6.373000e+03 5.815000e-01
6.374000e+03 5.808000e-01
6.375000e+03 5.808000e-01
6.376000e+03 5.808000e-01
6.377000e+03 5.801000e-01
6.378000e+03 5.788000e-01
6.379000e+03 5.782000e-01
6.380000e+03 5.775000e-01
6.381000e+03 5.781000e-01
6.382000e+03 5.787000e-01
6.383000e+03 5.781000e-01
6.384000e+03 5.780000e-01
6.385000e+03 5.748000e-01
6.386000e+03 5.723000e-01
6.387000e+03 5.729000e-01
6.388000e+03 5.729000e-01
6.389000e+03 5.735000e-01
6.390000e+03 5.734000e-01
6.391000e+03 5.702000e-01
6.392000e+03 5.677000e-01
6.393000e+03 5.683000e-01
6.394000e+03 5.689000e-01
6.395000e+03 5.676000e-01
6.396000e+03 5.663000e-01
6.397000e+03 5.669000e-01
6.398000e+03 5.675000e-01
6.399000e+03 5.662000e-01
6.400000e+03 5.649000e-01
6.401000e+03 5.643000e-01
6.402000e+03 5.642000e-01
6.403000e+03 5.636000e-01
6.404000e+03 5.623000e-01
6.405000e+03 5.616000e-01
6.406000e+03 5.609000e-01
6.407000e+03 5.603000e-01
6.408000e+03 5.596000e-01
6.409000e+03 5.577000e-01
6.410000e+03 5.564000e-01
6.411000e+03 5.570000e-01
6.412000e+03 5.569000e-01
6.413000e+03 5.569000e-01
6.414000e+03 5.575000e-01
6.415000e+03 5.568000e-01
6.416000e+03 5.568000e-01
6.417000e+03 5.567000e-01
6.418000e+03 5.573000e-01
6.419000e+03 5.579000e-01
6.420000e+03 5.585000e-01
6.421000e+03 5.572000e-01
6.422000e+03 5.559000e-01
6.423000e+03 5.578000e-01
6.424000e+03 5.596000e-01
6.425000e+03 5.583000e-01
6.426000e+03 5.570000e-01
6.427000e+03 5.576000e-01
6.428000e+03 5.582000e-01
6.429000e+03 5.607000e-01
6.430000e+03 5.625000e-01
6.431000e+03 5.618000e-01
6.432000e+03 5.612000e-01
6.433000e+03 5.605000e-01
6.434000e+03 5.604000e-01
6.435000e+03 5.623000e-01
6.436000e+03 5.641000e-01
6.437000e+03 5.660000e-01
6.438000e+03 5.678000e-01
6.439000e+03 5.671000e-01
6.440000e+03 5.665000e-01
6.441000e+03 5.683000e-01
6.442000e+03 5.702000e-01
6.443000e+03 5.695000e-01
6.444000e+03 5.694000e-01
6.445000e+03 5.706000e-01
6.446000e+03 5.725000e-01
6.447000e+03 5.724000e-01
6.448000e+03 5.724000e-01
6.449000e+03 5.742000e-01
6.450000e+03 5.761000e-01
6.451000e+03 5.785000e-01
6.452000e+03 5.804000e-01
6.453000e+03 5.810000e-01
6.454000e+03 5.815000e-01
6.455000e+03 5.815000e-01
6.456000e+03 5.815000e-01
6.457000e+03 5.820000e-01
6.458000e+03 5.833000e-01
6.459000e+03 5.845000e-01
6.460000e+03 5.857000e-01
6.461000e+03 5.875000e-01
6.462000e+03 5.887000e-01
6.463000e+03 5.887000e-01
6.464000e+03 5.893000e-01
6.465000e+03 5.905000e-01
6.466000e+03 5.911000e-01
6.467000e+03 5.898000e-01
6.468000e+03 5.879000e-01
6.469000e+03 5.916000e-01
6.470000e+03 5.953000e-01
6.471000e+03 5.928000e-01
6.472000e+03 5.902000e-01
6.473000e+03 5.927000e-01
6.474000e+03 5.958000e-01
6.475000e+03 5.938000e-01
6.476000e+03 5.926000e-01
6.477000e+03 5.925000e-01
6.478000e+03 5.925000e-01
6.479000e+03 5.931000e-01
6.480000e+03 5.937000e-01
6.481000e+03 5.930000e-01
6.482000e+03 5.923000e-01
6.483000e+03 5.917000e-01
6.484000e+03 5.916000e-01
6.485000e+03 5.922000e-01
6.486000e+03 5.934000e-01
6.487000e+03 5.928000e-01
6.488000e+03 5.927000e-01
6.489000e+03 5.902000e-01
6.490000e+03 5.877000e-01
6.491000e+03 5.882000e-01
6.492000e+03 5.888000e-01
6.493000e+03 5.876000e-01
6.494000e+03 5.863000e-01
6.495000e+03 5.856000e-01
6.496000e+03 5.843000e-01
6.497000e+03 5.843000e-01
6.498000e+03 5.836000e-01
6.499000e+03 5.823000e-01
6.500000e+03 5.817000e-01
6.501000e+03 5.810000e-01
6.502000e+03 5.810000e-01
6.503000e+03 5.797000e-01
6.504000e+03 5.791000e-01
6.505000e+03 5.784000e-01
6.506000e+03 5.778000e-01
6.507000e+03 5.759000e-01
6.508000e+03 5.740000e-01
6.509000e+03 5.758000e-01
6.510000e+03 5.770000e-01
6.511000e+03 5.739000e-01
6.512000e+03 5.707000e-01
6.513000e+03 5.707000e-01
6.514000e+03 5.707000e-01
6.515000e+03 5.707000e-01
6.516000e+03 5.706000e-01
6.517000e+03 5.694000e-01
6.518000e+03 5.681000e-01
6.519000e+03 5.674000e-01
6.520000e+03 5.662000e-01
6.521000e+03 5.668000e-01
6.522000e+03 5.667000e-01
6.523000e+03 5.673000e-01
6.524000e+03 5.679000e-01
6.525000e+03 5.667000e-01
6.526000e+03 5.654000e-01
6.527000e+03 5.654000e-01
6.528000e+03 5.653000e-01
6.529000e+03 5.653000e-01
6.530000e+03 5.659000e-01
6.531000e+03 5.653000e-01
6.532000e+03 5.646000e-01
6.533000e+03 5.646000e-01
6.534000e+03 5.646000e-01
6.535000e+03 5.652000e-01
6.536000e+03 5.658000e-01
6.537000e+03 5.651000e-01
6.538000e+03 5.651000e-01
6.539000e+03 5.663000e-01
6.540000e+03 5.675000e-01
6.541000e+03 5.681000e-01
6.542000e+03 5.681000e-01
6.543000e+03 5.699000e-01
6.544000e+03 5.712000e-01
6.545000e+03 5.699000e-01
6.546000e+03 5.680000e-01
6.547000e+03 5.692000e-01
6.548000e+03 5.711000e-01
6.549000e+03 5.704000e-01
6.550000e+03 5.697000e-01
6.551000e+03 5.697000e-01
6.552000e+03 5.697000e-01
6.553000e+03 5.709000e-01
6.554000e+03 5.715000e-01
6.555000e+03 5.733000e-01
6.556000e+03 5.752000e-01
6.557000e+03 5.751000e-01
6.558000e+03 5.757000e-01
6.559000e+03 5.775000e-01
6.560000e+03 5.787000e-01
6.561000e+03 5.787000e-01
6.562000e+03 5.786000e-01
6.563000e+03 5.786000e-01
6.564000e+03 5.786000e-01
6.565000e+03 5.798000e-01
6.566000e+03 5.810000e-01
6.567000e+03 5.809000e-01
6.568000e+03 5.815000e-01
6.569000e+03 5.827000e-01
6.570000e+03 5.833000e-01
6.571000e+03 5.845000e-01
6.572000e+03 5.857000e-01
6.573000e+03 5.857000e-01
6.574000e+03 5.856000e-01
6.575000e+03 5.856000e-01
6.576000e+03 5.855000e-01
6.577000e+03 5.855000e-01
6.578000e+03 5.854000e-01
6.579000e+03 5.848000e-01
6.580000e+03 5.841000e-01
6.581000e+03 5.859000e-01
6.582000e+03 5.877000e-01
6.583000e+03 5.883000e-01
6.584000e+03 5.888000e-01
6.585000e+03 5.869000e-01
6.586000e+03 5.850000e-01
6.587000e+03 5.868000e-01
6.588000e+03 5.880000e-01
6.589000e+03 5.879000e-01
6.590000e+03 5.878000e-01
6.591000e+03 5.878000e-01
6.592000e+03 5.877000e-01
6.593000e+03 5.877000e-01
6.594000e+03 5.876000e-01
6.595000e+03 5.875000e-01
6.596000e+03 5.875000e-01
6.597000e+03 5.868000e-01
6.598000e+03 5.855000e-01
6.599000e+03 5.861000e-01
6.600000e+03 5.866000e-01
6.601000e+03 5.853000e-01
6.602000e+03 5.846000e-01
6.603000e+03 5.852000e-01
6.604000e+03 5.857000e-01
6.605000e+03 5.851000e-01
6.606000e+03 5.843000e-01
6.607000e+03 5.836000e-01
6.608000e+03 5.823000e-01
6.609000e+03 5.841000e-01
6.610000e+03 5.852000e-01
6.611000e+03 5.845000e-01
6.612000e+03 5.844000e-01
6.613000e+03 5.837000e-01
6.614000e+03 5.830000e-01
6.615000e+03 5.823000e-01
6.616000e+03 5.816000e-01
6.617000e+03 5.815000e-01
6.618000e+03 5.814000e-01
6.619000e+03 5.820000e-01
6.620000e+03 5.825000e-01
6.621000e+03 5.818000e-01
6.622000e+03 5.811000e-01
6.623000e+03 5.816000e-01
6.624000e+03 5.828000e-01
6.625000e+03 5.821000e-01
6.626000e+03 5.813000e-01
6.627000e+03 5.806000e-01
6.628000e+03 5.806000e-01
6.629000e+03 5.798000e-01
6.630000e+03 5.791000e-01
6.631000e+03 5.790000e-01
6.632000e+03 5.789000e-01
6.633000e+03 5.788000e-01
6.634000e+03 5.787000e-01
6.635000e+03 5.798000e-01
6.636000e+03 5.809000e-01
6.637000e+03 5.796000e-01
6.638000e+03 5.782000e-01
6.639000e+03 5.788000e-01
6.640000e+03 5.786000e-01
6.641000e+03 5.791000e-01
6.642000e+03 5.803000e-01
6.643000e+03 5.795000e-01
6.644000e+03 5.788000e-01
6.645000e+03 5.793000e-01
6.646000e+03 5.798000e-01
6.647000e+03 5.797000e-01
6.648000e+03 5.796000e-01
6.649000e+03 5.789000e-01
6.650000e+03 5.781000e-01
6.651000e+03 5.786000e-01
6.652000e+03 5.785000e-01
6.653000e+03 5.790000e-01
6.654000e+03 5.789000e-01
6.655000e+03 5.794000e-01
6.656000e+03 5.806000e-01
6.657000e+03 5.817000e-01
6.658000e+03 5.822000e-01
6.659000e+03 5.802000e-01
6.660000e+03 5.783000e-01
6.661000e+03 5.800000e-01
6.662000e+03 5.818000e-01
6.663000e+03 5.817000e-01
6.664000e+03 5.822000e-01
6.665000e+03 5.815000e-01
6.666000e+03 5.814000e-01
6.667000e+03 5.794000e-01
6.668000e+03 5.781000e-01
6.669000e+03 5.786000e-01
6.670000e+03 5.797000e-01
6.671000e+03 5.796000e-01
6.672000e+03 5.801000e-01
6.673000e+03 5.794000e-01
6.674000e+03 5.781000e-01
6.675000e+03 5.786000e-01
6.676000e+03 5.791000e-01
6.677000e+03 5.790000e-01
6.678000e+03 5.789000e-01
6.679000e+03 5.782000e-01
6.680000e+03 5.775000e-01
6.681000e+03 5.780000e-01
6.682000e+03 5.786000e-01
6.683000e+03 5.791000e-01
6.684000e+03 5.791000e-01
6.685000e+03 5.790000e-01
6.686000e+03 5.783000e-01
6.687000e+03 5.776000e-01
6.688000e+03 5.770000e-01
6.689000e+03 5.781000e-01
6.690000e+03 5.793000e-01
6.691000e+03 5.786000e-01
6.692000e+03 5.779000e-01
6.693000e+03 5.760000e-01
6.694000e+03 5.747000e-01
6.695000e+03 5.759000e-01
6.696000e+03 5.777000e-01
6.697000e+03 5.758000e-01
6.698000e+03 5.739000e-01
6.699000e+03 5.750000e-01
6.700000e+03 5.762000e-01
6.701000e+03 5.755000e-01
6.702000e+03 5.755000e-01
6.703000e+03 5.748000e-01
6.704000e+03 5.747000e-01
6.705000e+03 5.735000e-01
6.706000e+03 5.716000e-01
6.707000e+03 5.704000e-01
6.708000e+03 5.698000e-01
6.709000e+03 5.698000e-01
6.710000e+03 5.704000e-01
6.711000e+03 5.716000e-01
6.712000e+03 5.722000e-01
6.713000e+03 5.728000e-01
6.714000e+03 5.728000e-01
6.715000e+03 5.716000e-01
6.716000e+03 5.698000e-01
6.717000e+03 5.710000e-01
6.718000e+03 5.716000e-01
6.719000e+03 5.728000e-01
6.720000e+03 5.734000e-01
6.721000e+03 5.698000e-01
6.722000e+03 5.667000e-01
6.723000e+03 5.673000e-01
6.724000e+03 5.686000e-01
6.725000e+03 5.686000e-01
6.726000e+03 5.686000e-01
6.727000e+03 5.679000e-01
6.728000e+03 5.679000e-01
6.729000e+03 5.679000e-01
6.730000e+03 5.686000e-01
6.731000e+03 5.674000e-01
6.732000e+03 5.657000e-01
6.733000e+03 5.676000e-01
6.734000e+03 5.689000e-01
6.735000e+03 5.708000e-01
6.736000e+03 5.733000e-01
6.737000e+03 5.710000e-01
6.738000e+03 5.692000e-01
6.739000e+03 5.711000e-01
6.740000e+03 5.724000e-01
6.741000e+03 5.713000e-01
6.742000e+03 5.696000e-01
6.743000e+03 5.690000e-01
6.744000e+03 5.679000e-01
6.745000e+03 5.686000e-01
6.746000e+03 5.687000e-01
6.747000e+03 5.688000e-01
6.748000e+03 5.688000e-01
6.749000e+03 5.677000e-01
6.750000e+03 5.672000e-01
6.751000e+03 5.672000e-01
6.752000e+03 5.679000e-01
6.753000e+03 5.699000e-01
6.754000e+03 5.718000e-01
6.755000e+03 5.694000e-01
6.756000e+03 5.671000e-01
6.757000e+03 5.684000e-01
6.758000e+03 5.698000e-01
6.759000e+03 5.711000e-01
6.760000e+03 5.719000e-01
6.761000e+03 5.720000e-01
6.762000e+03 5.721000e-01
6.763000e+03 5.710000e-01
6.764000e+03 5.705000e-01
6.765000e+03 5.694000e-01
6.766000e+03 5.683000e-01
6.767000e+03 5.684000e-01
6.768000e+03 5.685000e-01
6.769000e+03 5.699000e-01
6.770000e+03 5.719000e-01
6.771000e+03 5.707000e-01
6.772000e+03 5.696000e-01
6.773000e+03 5.722000e-01
6.774000e+03 5.748000e-01
6.775000e+03 5.737000e-01
6.776000e+03 5.732000e-01
6.777000e+03 5.739000e-01
6.778000e+03 5.741000e-01
6.779000e+03 5.742000e-01
6.780000e+03 5.737000e-01
6.781000e+03 5.743000e-01
6.782000e+03 5.754000e-01
6.783000e+03 5.735000e-01
6.784000e+03 5.723000e-01
6.785000e+03 5.741000e-01
6.786000e+03 5.759000e-01
6.787000e+03 5.746000e-01
6.788000e+03 5.739000e-01
6.789000e+03 5.733000e-01
6.790000e+03 5.726000e-01
6.791000e+03 5.720000e-01
6.792000e+03 5.713000e-01
6.793000e+03 5.719000e-01
6.794000e+03 5.718000e-01
6.795000e+03 5.742000e-01
6.796000e+03 5.767000e-01
6.797000e+03 5.754000e-01
6.798000e+03 5.741000e-01
6.799000e+03 5.747000e-01
6.800000e+03 5.746000e-01
6.801000e+03 5.740000e-01
6.802000e+03 5.733000e-01
6.803000e+03 5.751000e-01
6.804000e+03 5.769000e-01
6.805000e+03 5.756000e-01
6.806000e+03 5.746000e-01
6.807000e+03 5.754000e-01
6.808000e+03 5.768000e-01
6.809000e+03 5.757000e-01
6.810000e+03 5.753000e-01
6.811000e+03 5.730000e-01
6.812000e+03 5.708000e-01
6.813000e+03 5.716000e-01
6.814000e+03 5.717000e-01
6.815000e+03 5.731000e-01
6.816000e+03 5.745000e-01
6.817000e+03 5.747000e-01
6.818000e+03 5.749000e-01
6.819000e+03 5.726000e-01
6.820000e+03 5.703000e-01
6.821000e+03 5.711000e-01
6.822000e+03 5.719000e-01
6.823000e+03 5.715000e-01
6.824000e+03 5.704000e-01
6.825000e+03 5.724000e-01
6.826000e+03 5.744000e-01
6.827000e+03 5.740000e-01
6.828000e+03 5.735000e-01
6.829000e+03 5.725000e-01
6.830000e+03 5.720000e-01
6.831000e+03 5.713000e-01
6.832000e+03 5.712000e-01
6.833000e+03 5.711000e-01
6.834000e+03 5.709000e-01
6.835000e+03 5.702000e-01
6.836000e+03 5.689000e-01
6.837000e+03 5.682000e-01
6.838000e+03 5.674000e-01
6.839000e+03 5.667000e-01
6.840000e+03 5.660000e-01
6.841000e+03 5.653000e-01
6.842000e+03 5.645000e-01
6.843000e+03 5.632000e-01
6.844000e+03 5.619000e-01
6.845000e+03 5.630000e-01
6.846000e+03 5.640000e-01
6.847000e+03 5.609000e-01
6.848000e+03 5.578000e-01
6.849000e+03 5.577000e-01
6.850000e+03 5.570000e-01
6.851000e+03 5.557000e-01
6.852000e+03 5.544000e-01
6.853000e+03 5.525000e-01
6.854000e+03 5.506000e-01
6.855000e+03 5.505000e-01
6.856000e+03 5.505000e-01
6.857000e+03 5.489000e-01
6.858000e+03 5.472000e-01
6.859000e+03 5.449000e-01
6.860000e+03 5.426000e-01
6.861000e+03 5.421000e-01
6.862000e+03 5.416000e-01
6.863000e+03 5.423000e-01
6.864000e+03 5.429000e-01
6.865000e+03 5.401000e-01
6.866000e+03 5.367000e-01
6.867000e+03 5.356000e-01
6.868000e+03 5.345000e-01
6.869000e+03 5.322000e-01
6.870000e+03 5.294000e-01
6.871000e+03 5.283000e-01
6.872000e+03 5.273000e-01
6.873000e+03 5.250000e-01
6.874000e+03 5.228000e-01
6.875000e+03 5.217000e-01
6.876000e+03 5.207000e-01
6.877000e+03 5.213000e-01
6.878000e+03 5.220000e-01
6.879000e+03 5.192000e-01
6.880000e+03 5.164000e-01
6.881000e+03 5.141000e-01
6.882000e+03 5.124000e-01
6.883000e+03 5.096000e-01
6.884000e+03 5.062000e-01
6.885000e+03 5.068000e-01
6.886000e+03 5.068000e-01
6.887000e+03 5.063000e-01
6.888000e+03 5.052000e-01
6.889000e+03 5.041000e-01
6.890000e+03 5.030000e-01
6.891000e+03 5.018000e-01
6.892000e+03 5.007000e-01
6.893000e+03 4.985000e-01
6.894000e+03 4.956000e-01
6.895000e+03 4.957000e-01
6.896000e+03 4.951000e-01
6.897000e+03 4.934000e-01
6.898000e+03 4.912000e-01
6.899000e+03 4.906000e-01
6.900000e+03 4.895000e-01
6.901000e+03 4.907000e-01
6.902000e+03 4.919000e-01
6.903000e+03 4.902000e-01
6.904000e+03 4.885000e-01
6.905000e+03 4.874000e-01
6.906000e+03 4.866000e-01
6.907000e+03 4.852000e-01
6.908000e+03 4.845000e-01
6.909000e+03 4.837000e-01
6.910000e+03 4.829000e-01
6.911000e+03 4.821000e-01
6.912000e+03 4.813000e-01
6.913000e+03 4.811000e-01
6.914000e+03 4.815000e-01
6.915000e+03 4.819000e-01
6.916000e+03 4.822000e-01
6.917000e+03 4.820000e-01
6.918000e+03 4.824000e-01
6.919000e+03 4.833000e-01
6.920000e+03 4.843000e-01
6.921000e+03 4.823000e-01
6.922000e+03 4.804000e-01
6.923000e+03 4.819000e-01
6.924000e+03 4.840000e-01
6.925000e+03 4.849000e-01
6.926000e+03 4.859000e-01
6.927000e+03 4.851000e-01
6.928000e+03 4.849000e-01
6.929000e+03 4.858000e-01
6.930000e+03 4.868000e-01
6.931000e+03 4.884000e-01
6.932000e+03 4.900000e-01
6.933000e+03 4.904000e-01
6.934000e+03 4.909000e-01
6.935000e+03 4.902000e-01
6.936000e+03 4.900000e-01
6.937000e+03 4.905000e-01
6.938000e+03 4.915000e-01
6.939000e+03 4.949000e-01
6.940000e+03 4.983000e-01
6.941000e+03 4.982000e-01
6.942000e+03 4.986000e-01
6.943000e+03 5.008000e-01
6.944000e+03 5.031000e-01
6.945000e+03 5.041000e-01
6.946000e+03 5.052000e-01
6.947000e+03 5.062000e-01
6.948000e+03 5.073000e-01
6.949000e+03 5.095000e-01
6.950000e+03 5.111000e-01
6.951000e+03 5.122000e-01
6.952000e+03 5.127000e-01
6.953000e+03 5.161000e-01
6.954000e+03 5.190000e-01
6.955000e+03 5.218000e-01
6.956000e+03 5.239000e-01
6.957000e+03 5.253000e-01
6.958000e+03 5.262000e-01
6.959000e+03 5.289000e-01
6.960000e+03 5.315000e-01
6.961000e+03 5.318000e-01
6.962000e+03 5.315000e-01
6.963000e+03 5.336000e-01
6.964000e+03 5.362000e-01
6.965000e+03 5.365000e-01
6.966000e+03 5.368000e-01
6.967000e+03 5.371000e-01
6.968000e+03 5.367000e-01
6.969000e+03 5.388000e-01
6.970000e+03 5.403000e-01
6.971000e+03 5.406000e-01
6.972000e+03 5.403000e-01
6.973000e+03 5.387000e-01
6.974000e+03 5.366000e-01
6.975000e+03 5.363000e-01
6.976000e+03 5.359000e-01
6.977000e+03 5.350000e-01
6.978000e+03 5.341000e-01
6.979000e+03 5.331000e-01
6.980000e+03 5.328000e-01
6.981000e+03 5.280000e-01
6.982000e+03 5.231000e-01
6.983000e+03 5.213000e-01
6.984000e+03 5.201000e-01
6.985000e+03 5.171000e-01
6.986000e+03 5.141000e-01
6.987000e+03 5.098000e-01
6.988000e+03 5.050000e-01
6.989000e+03 5.026000e-01
6.990000e+03 4.995000e-01
6.991000e+03 4.941000e-01
6.992000e+03 4.881000e-01
6.993000e+03 4.802000e-01
6.994000e+03 4.730000e-01
6.995000e+03 4.693000e-01
6.996000e+03 4.663000e-01
6.997000e+03 4.585000e-01
6.998000e+03 4.506000e-01
6.999000e+03 4.440000e-01
7.000000e+03 4.379000e-01
7.001000e+03 4.294000e-01
7.002000e+03 4.216000e-01
7.003000e+03 4.131000e-01
7.004000e+03 4.047000e-01
7.005000e+03 3.998000e-01
7.006000e+03 3.951000e-01
7.007000e+03 3.880000e-01
7.008000e+03 3.803000e-01
7.009000e+03 3.726000e-01
7.010000e+03 3.654000e-01
7.011000e+03 3.589000e-01
7.012000e+03 3.524000e-01
7.013000e+03 3.458000e-01
7.014000e+03 3.387000e-01
7.015000e+03 3.321000e-01
7.016000e+03 3.250000e-01
7.017000e+03 3.196000e-01
7.018000e+03 3.137000e-01
7.019000e+03 3.077000e-01
7.020000e+03 3.017000e-01
7.021000e+03 2.958000e-01
7.022000e+03 2.892000e-01
7.023000e+03 2.826000e-01
7.024000e+03 2.760000e-01
7.025000e+03 2.694000e-01
7.026000e+03 2.628000e-01
7.027000e+03 2.580000e-01
7.028000e+03 2.532000e-01
7.029000e+03 2.472000e-01
7.030000e+03 2.406000e-01
7.031000e+03 2.371000e-01
7.032000e+03 2.330000e-01
7.033000e+03 2.282000e-01
7.034000e+03 2.234000e-01
7.035000e+03 2.193000e-01
7.036000e+03 2.145000e-01
7.037000e+03 2.104000e-01
7.038000e+03 2.068000e-01
7.039000e+03 2.026000e-01
7.040000e+03 1.991000e-01
7.041000e+03 1.961000e-01
7.042000e+03 1.925000e-01
7.043000e+03 1.890000e-01
7.044000e+03 1.848000e-01
7.045000e+03 1.806000e-01
7.046000e+03 1.757000e-01
7.047000e+03 1.734000e-01
7.048000e+03 1.704000e-01
7.049000e+03 1.674000e-01
7.050000e+03 1.644000e-01
7.051000e+03 1.614000e-01
7.052000e+03 1.584000e-01
7.053000e+03 1.554000e-01
7.054000e+03 1.531000e-01
7.055000e+03 1.501000e-01
7.056000e+03 1.476000e-01
7.057000e+03 1.440000e-01
7.058000e+03 1.410000e-01
7.059000e+03 1.398000e-01
7.060000e+03 1.380000e-01
7.061000e+03 1.350000e-01
7.062000e+03 1.319000e-01
7.063000e+03 1.295000e-01
7.064000e+03 1.271000e-01
7.065000e+03 1.246000e-01
7.066000e+03 1.222000e-01
7.067000e+03 1.198000e-01
7.068000e+03 1.173000e-01
7.069000e+03 1.149000e-01
7.070000e+03 1.125000e-01
7.071000e+03 1.100000e-01
7.072000e+03 1.076000e-01
7.073000e+03 1.045000e-01
7.074000e+03 1.015000e-01
7.075000e+03 9.900000e-02
7.076000e+03 9.660000e-02
7.077000e+03 9.350000e-02
7.078000e+03 9.100000e-02
7.079000e+03 8.860000e-02
7.080000e+03 8.610000e-02
7.081000e+03 8.360000e-02
7.082000e+03 8.050000e-02
7.083000e+03 7.800000e-02
7.084000e+03 7.610000e-02
7.085000e+03 7.240000e-02
7.086000e+03 6.920000e-02
7.087000e+03 6.670000e-02
7.088000e+03 6.420000e-02
7.089000e+03 6.170000e-02
7.090000e+03 5.860000e-02
7.091000e+03 5.610000e-02
7.092000e+03 5.300000e-02
7.093000e+03 5.110000e-02
7.094000e+03 4.860000e-02
7.095000e+03 4.610000e-02
7.096000e+03 4.360000e-02
7.097000e+03 4.110000e-02
7.098000e+03 3.930000e-02
7.099000e+03 3.800000e-02
7.100000e+03 3.610000e-02
7.101000e+03 3.430000e-02
7.102000e+03 3.180000e-02
7.103000e+03 3.050000e-02
7.104000e+03 2.870000e-02
7.105000e+03 2.740000e-02
7.106000e+03 2.550000e-02
7.107000e+03 2.430000e-02
7.108000e+03 2.240000e-02
7.109000e+03 2.110000e-02
7.110000e+03 1.980000e-02
7.111000e+03 1.860000e-02
7.112000e+03 1.800000e-02
7.113000e+03 1.670000e-02
7.114000e+03 1.550000e-02
7.115000e+03 1.480000e-02
7.116000e+03 1.360000e-02
7.117000e+03 1.290000e-02
7.118000e+03 1.230000e-02
7.119000e+03 1.170000e-02
7.120000e+03 1.110000e-02
7.121000e+03 1.040000e-02
7.122000e+03 9.800000e-03
7.123000e+03 9.200000e-03
7.124000e+03 8.600000e-03
7.125000e+03 8.000000e-03
7.126000e+03 7.300000e-03
7.127000e+03 7.300000e-03
7.128000e+03 6.700000e-03
7.129000e+03 6.100000e-03
7.130000e+03 6.100000e-03
7.131000e+03 5.500000e-03
7.132000e+03 5.500000e-03
7.133000e+03 4.800000e-03
7.134000e+03 4.200000e-03
7.135000e+03 4.200000e-03
7.136000e+03 4.200000e-03
7.137000e+03 3.600000e-03
7.138000e+03 3.600000e-03
7.139000e+03 3.000000e-03
7.140000e+03 3.000000e-03
7.141000e+03 3.000000e-03
7.142000e+03 3.000000e-03
7.143000e+03 3.000000e-03
7.144000e+03 2.400000e-03
7.145000e+03 2.400000e-03
7.146000e+03 2.400000e-03
7.147000e+03 2.400000e-03
7.148000e+03 1.800000e-03
7.149000e+03 1.800000e-03
7.150000e+03 1.800000e-03
7.151000e+03 1.800000e-03
7.152000e+03 1.800000e-03
7.153000e+03 1.700000e-03
7.154000e+03 1.700000e-03
7.155000e+03 1.200000e-03
7.156000e+03 1.200000e-03
7.157000e+03 1.200000e-03
7.158000e+03 1.200000e-03
7.159000e+03 1.200000e-03
7.160000e+03 1.200000e-03
7.161000e+03 1.100000e-03
7.162000e+03 1.100000e-03
7.163000e+03 1.100000e-03
7.164000e+03 6.000000e-04
7.165000e+03 6.000000e-04
7.166000e+03 6.000000e-04
7.167000e+03 6.000000e-04
7.168000e+03 6.000000e-04
7.169000e+03 6.000000e-04
7.170000e+03 6.000000e-04
7.171000e+03 6.000000e-04
7.172000e+03 6.000000e-04
7.173000e+03 6.000000e-04
7.174000e+03 6.000000e-04
7.175000e+03 6.000000e-04
7.176000e+03 6.000000e-04
7.177000e+03 6.000000e-04
7.178000e+03 6.000000e-04
7.179000e+03 6.000000e-04
7.180000e+03 6.000000e-04
7.181000e+03 6.000000e-04
